0: 01 04 00 00 00 01 00 00 00 00 00 00 00 00 00 00 
1: 01 20 00 00 00 01 00 24 08 00 00 00 00 00 00 00 
2: 01 21 00 00 00 01 00 52 FC 01 00 00 00 00 00 00 
3: 01 22 00 00 00 01 00 80 F0 03 00 00 00 00 00 00 
4: 01 23 00 00 00 01 00 76 2A 04 00 00 00 00 00 00 
5: 01 24 00 00 00 01 00 E6 3B 04 00 00 00 00 00 00 
6: 01 25 00 00 00 01 00 56 4D 04 00 00 00 00 00 00 
7: 01 28 00 00 00 01 00 70 67 04 00 00 00 00 00 00 
8: 01 2A 00 00 00 01 00 6C E6 04 00 00 00 00 00 00 
9: 01 2C 00 00 00 01 00 28 F3 04 00 00 00 00 00 00 
10: 01 32 00 00 00 01 00 E4 FF 04 00 00 00 00 00 00 
11: 01 3C 00 00 00 01 00 04 07 06 00 00 00 00 00 00 
12: 01 3E 00 00 00 01 00 10 43 06 00 00 00 00 00 00 
13: 01 62 00 00 00 01 00 4E 57 06 00 00 00 00 00 00 
14: 01 64 00 00 00 01 00 BA 70 06 00 00 00 00 00 00 
15: 01 65 00 00 00 01 00 E8 64 08 00 00 00 00 00 00 
16: 01 66 00 00 00 01 00 AC 71 08 00 00 00 00 00 00 
17: 01 68 00 00 00 01 00 0E 94 08 00 00 00 00 00 00 
18: 01 69 00 00 00 01 00 7E A8 08 00 00 00 00 00 00 
19: 01 6A 00 00 00 01 00 AC CC 08 00 00 00 00 00 00 
20: 01 6B 00 00 00 01 00 10 DC 08 00 00 00 00 00 00 
21: 01 6C 00 00 00 01 00 3E 00 09 00 00 00 00 00 00 
22: 01 6D 00 00 00 01 00 6C 24 09 00 00 00 00 00 00 
23: 01 6E 00 00 00 01 00 95 3E 09 00 00 00 00 00 00 
24: 01 6F 00 00 00 01 00 BE 58 09 00 00 00 00 00 00 
25: 01 70 00 00 00 01 00 3C 78 09 00 00 00 00 00 00 
26: 01 71 00 00 00 01 00 C0 82 09 00 00 00 00 00 00 
27: 01 72 00 00 00 01 00 F4 8E 09 00 00 00 00 00 00 
28: 01 73 00 00 00 01 00 28 9B 09 00 00 00 00 00 00 
29: 01 74 00 00 00 01 00 0C A3 09 00 00 00 00 00 00 
30: 01 75 00 00 00 01 00 AA EA 09 00 00 00 00 00 00 
31: 01 76 00 00 00 01 00 16 F2 09 00 00 00 00 00 00 
32: 01 78 00 00 00 01 00 10 08 0A 00 00 00 00 00 00 
33: 01 7A 00 00 00 01 00 12 13 0A 00 00 00 00 00 00 
34: 01 7C 00 00 00 01 00 96 1D 0A 00 00 00 00 00 00 
35: 01 7D 00 00 00 01 00 A2 24 0A 00 00 00 00 00 00 
36: 01 7E 00 00 00 01 00 AE 2B 0A 00 00 00 00 00 00 
37: 01 7F 00 00 00 01 00 32 36 0A 00 00 00 00 00 00 
38: 01 80 00 00 00 01 00 B6 40 0A 00 00 00 00 00 00 
39: 01 81 00 00 00 01 00 C2 47 0A 00 00 00 00 00 00 
40: 01 82 00 00 00 01 00 46 52 0A 00 00 00 00 00 00 
41: 01 84 00 00 00 01 00 99 5B 0A 00 00 00 00 00 00 
42: 01 85 00 00 00 01 00 89 5F 0A 00 00 00 00 00 00 
43: 01 86 00 00 00 01 00 E5 60 0A 00 00 00 00 00 00 
44: 01 87 00 00 00 01 00 41 62 0A 00 00 00 00 00 00 
45: 01 8C 00 00 00 01 00 9D 63 0A 00 00 00 00 00 00 
46: 01 8E 00 00 00 01 00 0D 78 0A 00 00 00 00 00 00 
47: 01 90 00 00 00 01 00 3B 9C 0A 00 00 00 00 00 00 
48: 01 BE 00 00 00 01 00 9C C7 0A 00 00 00 00 00 00 
49: 01 C3 00 00 00 01 00 CA BB 0C 00 00 00 00 00 00 
50: 01 C8 00 00 00 01 00 F8 AF 0E 00 00 00 00 00 00 
51: 01 C9 00 00 00 01 00 4A 49 0F 00 00 00 00 00 00 
52: 01 CA 00 00 00 01 00 E5 B5 0F 00 00 00 00 00 00 
53: 01 CB 00 00 00 01 00 C8 2F 10 00 00 00 00 00 00 
54: 01 CC 00 00 00 01 00 A0 92 10 00 00 00 00 00 00 
55: 01 CD 00 00 00 01 00 B8 1B 11 00 00 00 00 00 00 
56: 01 CE 00 00 00 01 00 FC 4C 11 00 00 00 00 00 00 
57: 01 CF 00 00 00 01 00 9A 03 12 00 00 00 00 00 00 
58: 01 D0 00 00 00 01 00 87 77 12 00 00 00 00 00 00 
59: 01 D1 00 00 00 01 00 9D 28 13 00 00 00 00 00 00 
60: 01 D2 00 00 00 01 00 01 95 13 00 00 00 00 00 00 
61: 01 D8 00 00 00 01 00 30 42 14 00 00 00 00 00 00 
62: 01 D9 00 00 00 01 00 E2 B0 14 00 00 00 00 00 00 
63: 01 DA 00 00 00 01 00 94 1F 15 00 00 00 00 00 00 
64: 01 DB 00 00 00 01 00 46 8E 15 00 00 00 00 00 00 
65: 01 DC 00 00 00 01 00 F8 FC 15 00 00 00 00 00 00 
66: 01 DD 00 00 00 01 00 AA 6B 16 00 00 00 00 00 00 
          sprites
67: 01 04 01 00 00 01 00 11 A3 16 00 00 00 00 00 00 
68: 01 05 01 00 00 01 00 B5 A5 16 00 00 00 00 00 00 
69: 01 06 01 00 00 01 00 95 AB 16 00 00 00 00 00 00 
70: 01 07 01 00 00 01 00 ED BD 16 00 00 00 00 00 00 
71: 01 08 01 00 00 01 00 8D C1 16 00 00 00 00 00 00 
72: 01 0B 01 00 00 01 00 31 C4 16 00 00 00 00 00 00 
73: 01 0C 01 00 00 01 00 CC C5 16 00 00 00 00 00 00 
74: 01 0D 01 00 00 01 00 46 C6 16 00 00 00 00 00 00 
75: 01 0E 01 00 00 01 00 CF C7 16 00 00 00 00 00 00 
76: 01 0F 01 00 00 01 00 5B CA 16 00 00 00 00 00 00 
77: 01 10 01 00 00 01 00 87 D0 16 00 00 00 00 00 00 
78: 01 13 01 00 00 01 00 57 D2 16 00 00 00 00 00 00 
79: 01 14 01 00 00 01 00 17 D4 16 00 00 00 00 00 00 
80: 01 15 01 00 00 01 00 6F E6 16 00 00 00 00 00 00 
81: 01 17 01 00 00 01 00 67 EC 16 00 00 00 00 00 00 
82: 01 18 01 00 00 01 00 AF F0 16 00 00 00 00 00 00 
83: 01 19 01 00 00 01 00 BF F3 16 00 00 00 00 00 00 
84: 01 1A 01 00 00 01 00 AF FE 16 00 00 00 00 00 00 
85: 01 1B 01 00 00 01 00 07 11 17 00 00 00 00 00 00 
86: 01 1C 01 00 00 01 00 5B 1B 17 00 00 00 00 00 00 
87: 01 1D 01 00 00 01 00 63 23 17 00 00 00 00 00 00 
88: 01 1E 01 00 00 01 00 CF 30 17 00 00 00 00 00 00 
89: 01 1F 01 00 00 01 00 27 34 17 00 00 00 00 00 00 
90: 01 20 01 00 00 01 00 7B 3E 17 00 00 00 00 00 00 
91: 01 21 01 00 00 01 00 D3 50 17 00 00 00 00 00 00 
92: 01 22 01 00 00 01 00 8B 56 17 00 00 00 00 00 00 
93: 01 23 01 00 00 01 00 CD 66 17 00 00 00 00 00 00 
94: 01 24 01 00 00 01 00 79 7A 17 00 00 00 00 00 00 
95: 01 25 01 00 00 01 00 C7 8F 17 00 00 00 00 00 00 
96: 01 26 01 00 00 01 00 57 93 17 00 00 00 00 00 00 
97: 01 27 01 00 00 01 00 C3 A1 17 00 00 00 00 00 00 
98: 01 28 01 00 00 01 00 A3 B4 17 00 00 00 00 00 00 
99: 01 29 01 00 00 01 00 6B B7 17 00 00 00 00 00 00 
100: 01 2A 01 00 00 01 00 A7 B8 17 00 00 00 00 00 00 
101: 01 2B 01 00 00 01 00 46 BE 17 00 00 00 00 00 00 
102: 01 2E 01 00 00 01 00 53 BF 17 00 00 00 00 00 00 
103: 01 30 01 00 00 01 00 D5 CC 17 00 00 00 00 00 00 
104: 01 31 01 00 00 01 00 63 D6 17 00 00 00 00 00 00 
105: 01 32 01 00 00 01 00 F1 DF 17 00 00 00 00 00 00 
106: 01 34 01 00 00 01 00 6C E9 17 00 00 00 00 00 00 
107: 01 35 01 00 00 01 00 D6 F4 17 00 00 00 00 00 00 
108: 01 38 01 00 00 01 00 54 06 18 00 00 00 00 00 00 
109: 01 3C 01 00 00 01 00 CA 0A 18 00 00 00 00 00 00 
110: 01 3E 01 00 00 01 00 76 19 18 00 00 00 00 00 00 
111: 01 40 01 00 00 01 00 5A 23 18 00 00 00 00 00 00 
112: 01 41 01 00 00 01 00 44 2D 18 00 00 00 00 00 00 
113: 01 42 01 00 00 01 00 24 39 18 00 00 00 00 00 00 
114: 01 44 01 00 00 01 00 68 45 18 00 00 00 00 00 00 
115: 01 46 01 00 00 01 00 8A 17 19 00 00 00 00 00 00 
116: 01 48 01 00 00 01 00 82 20 19 00 00 00 00 00 00 
117: 01 4A 01 00 00 01 00 9C 8E 19 00 00 00 00 00 00 
118: 01 4B 01 00 00 01 00 DA A3 19 00 00 00 00 00 00 
119: 01 4C 01 00 00 01 00 D6 DE 19 00 00 00 00 00 00 
120: 01 4D 01 00 00 01 00 EE FA 19 00 00 00 00 00 00 
121: 01 4E 01 00 00 01 00 6E 1B 1A 00 00 00 00 00 00 
122: 01 50 01 00 00 01 00 4D 1F 1A 00 00 00 00 00 00 
123: 01 51 01 00 00 01 00 95 41 1A 00 00 00 00 00 00 
124: 01 52 01 00 00 01 00 62 4D 1A 00 00 00 00 00 00 
125: 01 54 01 00 00 01 00 61 60 1A 00 00 00 00 00 00 
126: 01 56 01 00 00 01 00 64 67 1A 00 00 00 00 00 00    (pod)
127: 01 57 01 00 00 01 00 49 73 1A 00 00 00 00 00 00    (pod2)
128: 01 58 01 00 00 01 00 FF 83 1A 00 00 00 00 00 00    (pod-destroyed)
129: 01 5E 01 00 00 01 00 7F A0 1A 00 00 00 00 00 00    ???  
130: 01 64 01 00 00 01 00 AF A3 1A 00 00 00 00 00 00 
131: 01 66 01 00 00 01 00 D8 A5 1A 00 00 00 00 00 00 
132: 01 68 01 00 00 01 00 61 B0 1A 00 00 00 00 00 00 
133: 01 6E 01 00 00 01 00 A3 BD 1A 00 00 00 00 00 00 
134: 01 70 01 00 00 01 00 A0 CE 1A 00 00 00 00 00 00 
135: 01 78 01 00 00 01 00 FA D5 1A 00 00 00 00 00 00    (to ashes)
136: 01 7A 01 00 00 01 00 95 E8 1A 00 00 00 00 00 00 - obelisk - take damage
137: 01 7C 01 00 00 01 00 C3 F3 1A 00 00 00 00 00 00 - obelisk - die
138: 01 7E 01 00 00 01 00 23 05 1B 00 00 00 00 00 00    (egg)
139: 01 80 01 00 00 01 00 DD 09 1B 00 00 00 00 00 00    (egg-to-roc)
140: 01 82 01 00 00 01 00 96 21 1B 00 00 00 00 00 00    (teleport?)
141: 01 84 01 00 00 01 00 E0 2E 1B 00 00 00 00 00 00 
142: 01 86 01 00 00 01 00 05 42 1B 00 00 00 00 00 00 
143: 01 88 01 00 00 01 00 A8 49 1B 00 00 00 00 00 00 
144: 01 8A 01 00 00 01 00 87 4D 1B 00 00 00 00 00 00 
145: 01 8C 01 00 00 01 00 B8 4F 1B 00 00 00 00 00 00 
146: 01 8E 01 00 00 01 00 F2 58 1B 00 00 00 00 00 00 - obelisk - shoot mana
147: 01 90 01 00 00 01 00 2C 71 1B 00 00 00 00 00 00 

       500
148: 01 F4 01 00 00 01 00 EE 81 1B 00 00 00 00 00 00 - golem
149: 01 F5 01 00 00 01 00 20 89 1B 00 00 00 00 00 00 - golem 
150: 01 F6 01 00 00 01 00 E7 90 1B 00 00 00 00 00 00 - golem 
151: 01 F7 01 00 00 01 00 6B 98 1B 00 00 00 00 00 00 - golem
152: 01 F8 01 00 00 01 00 0A A0 1B 00 00 00 00 00 00 - golem
153: 01 FE 01 00 00 01 00 2E A7 1B 00 00 00 00 00 00 - golem
154: 01 FF 01 00 00 01 00 6D AF 1B 00 00 00 00 00 00 - golem
155: 01 00 02 00 00 01 00 C5 B7 1B 00 00 00 00 00 00 - golem
156: 01 01 02 00 00 01 00 7E C0 1B 00 00 00 00 00 00 - golem
157: 01 02 02 00 00 01 00 CB CA 1B 00 00 00 00 00 00 - golem
158: 01 0D 02 00 00 01 00 1F D5 1B 00 00 00 00 00 00 - golem
159: 01 0E 02 00 00 01 00 8A DD 1B 00 00 00 00 00 00 - golem
160: 01 12 02 00 00 01 00 83 E6 1B 00 00 00 00 00 00 - golem
161: 01 13 02 00 00 01 00 0D F7 1B 00 00 00 00 00 00 - golem - stoned (531)
162: 01 16 02 00 00 01 00 39 F9 1B 00 00 00 00 00 00 - golem - to obelisk

        550
163: 01 26 02 00 00 01 00 E3 0B 1C 00 00 00 00 00 00 - banshee
164: 01 27 02 00 00 01 00 01 13 1C 00 00 00 00 00 00 
165: 01 28 02 00 00 01 00 6F 1B 1C 00 00 00 00 00 00 
166: 01 29 02 00 00 01 00 43 24 1C 00 00 00 00 00 00 
167: 01 2A 02 00 00 01 00 72 2C 1C 00 00 00 00 00 00 
168: 01 30 02 00 00 01 00 56 34 1C 00 00 00 00 00 00 
169: 01 31 02 00 00 01 00 62 3C 1C 00 00 00 00 00 00 
170: 01 32 02 00 00 01 00 D8 46 1C 00 00 00 00 00 00 
171: 01 33 02 00 00 01 00 EB 4F 1C 00 00 00 00 00 00 
172: 01 34 02 00 00 01 00 89 5A 1C 00 00 00 00 00 00 
173: 01 3A 02 00 00 01 00 62 64 1C 00 00 00 00 00 00 
174: 01 3F 02 00 00 01 00 1E 6C 1C 00 00 00 00 00 00 
175: 01 40 02 00 00 01 00 A8 75 1C 00 00 00 00 00 00 
176: 01 44 02 00 00 01 00 1A 7E 1C 00 00 00 00 00 00 
177: 01 45 02 00 00 01 00 FF 95 1C 00 00 00 00 00 00 
178: 01 58 02 00 00 01 00 57 99 1C 00 00 00 00 00 00 
179: 01 59 02 00 00 01 00 3C AB 1C 00 00 00 00 00 00 
180: 01 5A 02 00 00 01 00 41 BB 1C 00 00 00 00 00 00 
181: 01 5B 02 00 00 01 00 74 C7 1C 00 00 00 00 00 00 
182: 01 5C 02 00 00 01 00 56 D7 1C 00 00 00 00 00 00 
183: 01 62 02 00 00 01 00 E1 E7 1C 00 00 00 00 00 00 
184: 01 63 02 00 00 01 00 D8 F6 1C 00 00 00 00 00 00 
185: 01 64 02 00 00 01 00 B4 08 1D 00 00 00 00 00 00 
186: 01 65 02 00 00 01 00 8C 18 1D 00 00 00 00 00 00 
187: 01 66 02 00 00 01 00 C2 29 1D 00 00 00 00 00 00 
188: 01 6C 02 00 00 01 00 20 3B 1D 00 00 00 00 00 00 
189: 01 71 02 00 00 01 00 7D 4E 1D 00 00 00 00 00 00 
190: 01 72 02 00 00 01 00 AF 61 1D 00 00 00 00 00 00 
191: 01 76 02 00 00 01 00 A7 71 1D 00 00 00 00 00 00 
192: 01 77 02 00 00 01 00 54 9A 1D 00 00 00 00 00 00 
193: 01 78 02 00 00 01 00 AC 9D 1D 00 00 00 00 00 00 
194: 01 79 02 00 00 01 00 26 9E 1D 00 00 00 00 00 00 
195: 01 7A 02 00 00 01 00 FE A0 1D 00 00 00 00 00 00 
196: 01 7B 02 00 00 01 00 7A A1 1D 00 00 00 00 00 00 
197: 01 7C 02 00 00 01 00 30 A4 1D 00 00 00 00 00 00 
198: 01 80 02 00 00 01 00 B0 A4 1D 00 00 00 00 00 00 
199: 01 81 02 00 00 01 00 FC B6 1D 00 00 00 00 00 00 
200: 01 82 02 00 00 01 00 A6 C8 1D 00 00 00 00 00 00 
201: 01 83 02 00 00 01 00 51 D9 1D 00 00 00 00 00 00 
202: 01 84 02 00 00 01 00 24 EA 1D 00 00 00 00 00 00 
203: 01 8A 02 00 00 01 00 A0 FC 1D 00 00 00 00 00 00 
204: 01 8B 02 00 00 01 00 6E 04 1E 00 00 00 00 00 00 
205: 01 8C 02 00 00 01 00 BE 0C 1E 00 00 00 00 00 00 
206: 01 8D 02 00 00 01 00 CF 13 1E 00 00 00 00 00 00 
207: 01 8E 02 00 00 01 00 4F 1B 1E 00 00 00 00 00 00 
208: 01 94 02 00 00 01 00 33 22 1E 00 00 00 00 00 00 
209: 01 95 02 00 00 01 00 7A 28 1E 00 00 00 00 00 00 
210: 01 96 02 00 00 01 00 D4 30 1E 00 00 00 00 00 00 
211: 01 97 02 00 00 01 00 26 39 1E 00 00 00 00 00 00 
212: 01 98 02 00 00 01 00 6A 41 1E 00 00 00 00 00 00 
213: 01 9E 02 00 00 01 00 EB 47 1E 00 00 00 00 00 00 
214: 01 A3 02 00 00 01 00 73 50 1E 00 00 00 00 00 00 
215: 01 A4 02 00 00 01 00 83 58 1E 00 00 00 00 00 00 
216: 01 A8 02 00 00 01 00 79 60 1E 00 00 00 00 00 00 
217: 01 A9 02 00 00 01 00 C3 75 1E 00 00 00 00 00 00 
218: 01 BC 02 00 00 01 00 C2 77 1E 00 00 00 00 00 00 
219: 01 BD 02 00 00 01 00 15 80 1E 00 00 00 00 00 00 
220: 01 BE 02 00 00 01 00 53 8A 1E 00 00 00 00 00 00 
221: 01 BF 02 00 00 01 00 5F 92 1E 00 00 00 00 00 00 
222: 01 C0 02 00 00 01 00 AA 9B 1E 00 00 00 00 00 00 
223: 01 C6 02 00 00 01 00 E9 A3 1E 00 00 00 00 00 00 
224: 01 C7 02 00 00 01 00 3E AF 1E 00 00 00 00 00 00 
225: 01 C8 02 00 00 01 00 B8 BE 1E 00 00 00 00 00 00 
226: 01 C9 02 00 00 01 00 8A C9 1E 00 00 00 00 00 00 
227: 01 CA 02 00 00 01 00 F7 D9 1E 00 00 00 00 00 00 
228: 01 D0 02 00 00 01 00 4E E8 1E 00 00 00 00 00 00 
229: 01 D5 02 00 00 01 00 84 F5 1E 00 00 00 00 00 00 
230: 01 D6 02 00 00 01 00 DF 02 1F 00 00 00 00 00 00 
231: 01 DA 02 00 00 01 00 95 0D 1F 00 00 00 00 00 00 
232: 01 DB 02 00 00 01 00 39 33 1F 00 00 00 00 00 00 
233: 01 EE 02 00 00 01 00 26 36 1F 00 00 00 00 00 00 
234: 01 EF 02 00 00 01 00 32 3D 1F 00 00 00 00 00 00 
235: 01 F0 02 00 00 01 00 01 45 1F 00 00 00 00 00 00 
236: 01 F1 02 00 00 01 00 DB 4C 1F 00 00 00 00 00 00 
237: 01 F2 02 00 00 01 00 A4 54 1F 00 00 00 00 00 00 
238: 01 F8 02 00 00 01 00 F8 5B 1F 00 00 00 00 00 00 
239: 01 F9 02 00 00 01 00 30 63 1F 00 00 00 00 00 00 
240: 01 FA 02 00 00 01 00 65 6B 1F 00 00 00 00 00 00 
241: 01 FB 02 00 00 01 00 89 73 1F 00 00 00 00 00 00 
242: 01 FC 02 00 00 01 00 AD 7D 1F 00 00 00 00 00 00 
243: 01 02 03 00 00 01 00 85 86 1F 00 00 00 00 00 00 
244: 01 07 03 00 00 01 00 58 8F 1F 00 00 00 00 00 00 
245: 01 08 03 00 00 01 00 C9 97 1F 00 00 00 00 00 00 
246: 01 0C 03 00 00 01 00 7E A1 1F 00 00 00 00 00 00 
247: 01 0D 03 00 00 01 00 ED B7 1F 00 00 00 00 00 00 
248: 01 20 03 00 00 01 00 19 BA 1F 00 00 00 00 00 00 
249: 01 21 03 00 00 01 00 B9 C2 1F 00 00 00 00 00 00 
250: 01 22 03 00 00 01 00 0D CC 1F 00 00 00 00 00 00 
251: 01 23 03 00 00 01 00 79 D6 1F 00 00 00 00 00 00 
252: 01 24 03 00 00 01 00 CD E0 1F 00 00 00 00 00 00 
253: 01 2A 03 00 00 01 00 57 E9 1F 00 00 00 00 00 00 
254: 01 2B 03 00 00 01 00 AD F2 1F 00 00 00 00 00 00 
255: 01 2C 03 00 00 01 00 81 FD 1F 00 00 00 00 00 00 
256: 01 2D 03 00 00 01 00 B5 09 20 00 00 00 00 00 00 
257: 01 2E 03 00 00 01 00 63 17 20 00 00 00 00 00 00 
258: 01 34 03 00 00 01 00 F8 22 20 00 00 00 00 00 00 
259: 01 39 03 00 00 01 00 CA 2C 20 00 00 00 00 00 00 
260: 01 3A 03 00 00 01 00 2C 37 20 00 00 00 00 00 00 
261: 01 3E 03 00 00 01 00 42 42 20 00 00 00 00 00 00 
262: 01 3F 03 00 00 01 00 D6 5A 20 00 00 00 00 00 00 
263: 01 52 03 00 00 01 00 13 5D 20 00 00 00 00 00 00 
264: 01 53 03 00 00 01 00 FD 66 20 00 00 00 00 00 00 
265: 01 54 03 00 00 01 00 B6 72 20 00 00 00 00 00 00 
266: 01 55 03 00 00 01 00 9A 7D 20 00 00 00 00 00 00 
267: 01 56 03 00 00 01 00 23 89 20 00 00 00 00 00 00 
268: 01 5C 03 00 00 01 00 C1 95 20 00 00 00 00 00 00 
269: 01 5D 03 00 00 01 00 17 A4 20 00 00 00 00 00 00 
270: 01 5E 03 00 00 01 00 64 B1 20 00 00 00 00 00 00 
271: 01 5F 03 00 00 01 00 F8 BF 20 00 00 00 00 00 00 
272: 01 60 03 00 00 01 00 D9 D0 20 00 00 00 00 00 00 
273: 01 66 03 00 00 01 00 F9 DD 20 00 00 00 00 00 00 
274: 01 6B 03 00 00 01 00 C9 E7 20 00 00 00 00 00 00 
275: 01 6C 03 00 00 01 00 45 F2 20 00 00 00 00 00 00 
276: 01 70 03 00 00 01 00 DD FD 20 00 00 00 00 00 00 
277: 01 84 03 00 00 01 00 72 16 21 00 00 00 00 00 00 
278: 01 85 03 00 00 01 00 B4 22 21 00 00 00 00 00 00 
279: 01 86 03 00 00 01 00 06 2F 21 00 00 00 00 00 00 
280: 01 87 03 00 00 01 00 67 3B 21 00 00 00 00 00 00 
281: 01 88 03 00 00 01 00 59 4A 21 00 00 00 00 00 00 
282: 01 8E 03 00 00 01 00 41 56 21 00 00 00 00 00 00 
283: 01 8F 03 00 00 01 00 5E 66 21 00 00 00 00 00 00 
284: 01 90 03 00 00 01 00 08 75 21 00 00 00 00 00 00 
285: 01 91 03 00 00 01 00 46 83 21 00 00 00 00 00 00 
286: 01 92 03 00 00 01 00 02 94 21 00 00 00 00 00 00 
287: 01 98 03 00 00 01 00 EF A1 21 00 00 00 00 00 00 
288: 01 99 03 00 00 01 00 1C AF 21 00 00 00 00 00 00 
289: 01 9D 03 00 00 01 00 49 BC 21 00 00 00 00 00 00 
290: 01 9E 03 00 00 01 00 81 CA 21 00 00 00 00 00 00 
291: 01 A2 03 00 00 01 00 59 D8 21 00 00 00 00 00 00 
292: 01 A3 03 00 00 01 00 9F EA 21 00 00 00 00 00 00 
293: 01 B6 03 00 00 01 00 C5 ED 21 00 00 00 00 00 00 
294: 01 B7 03 00 00 01 00 27 F4 21 00 00 00 00 00 00 
295: 01 B8 03 00 00 01 00 0B FC 21 00 00 00 00 00 00 
296: 01 B9 03 00 00 01 00 97 03 22 00 00 00 00 00 00 
297: 01 BA 03 00 00 01 00 58 0B 22 00 00 00 00 00 00 
298: 01 C0 03 00 00 01 00 28 12 22 00 00 00 00 00 00 
299: 01 C1 03 00 00 01 00 87 1A 22 00 00 00 00 00 00 
300: 01 C2 03 00 00 01 00 FC 25 22 00 00 00 00 00 00 
301: 01 C3 03 00 00 01 00 05 2F 22 00 00 00 00 00 00 
302: 01 C4 03 00 00 01 00 0A 3B 22 00 00 00 00 00 00 
303: 01 CA 03 00 00 01 00 38 44 22 00 00 00 00 00 00 
304: 01 CF 03 00 00 01 00 33 4C 22 00 00 00 00 00 00 
305: 01 D0 03 00 00 01 00 5E 54 22 00 00 00 00 00 00 
306: 01 D4 03 00 00 01 00 55 5D 22 00 00 00 00 00 00 
307: 01 D5 03 00 00 01 00 B7 6E 22 00 00 00 00 00 00 
308: 01 E8 03 00 00 01 00 A7 70 22 00 00 00 00 00 00 
309: 01 E9 03 00 00 01 00 1B 76 22 00 00 00 00 00 00 
310: 01 EA 03 00 00 01 00 21 7C 22 00 00 00 00 00 00 
311: 01 EB 03 00 00 01 00 6B 81 22 00 00 00 00 00 00 
312: 01 EC 03 00 00 01 00 F8 87 22 00 00 00 00 00 00 
313: 01 F2 03 00 00 01 00 8A 8E 22 00 00 00 00 00 00 
314: 01 F3 03 00 00 01 00 62 95 22 00 00 00 00 00 00 
315: 01 F4 03 00 00 01 00 E8 9E 22 00 00 00 00 00 00 
316: 01 F5 03 00 00 01 00 14 A6 22 00 00 00 00 00 00 
317: 01 F6 03 00 00 01 00 DE AE 22 00 00 00 00 00 00 
318: 01 FC 03 00 00 01 00 E1 B5 22 00 00 00 00 00 00 
319: 01 01 04 00 00 01 00 94 BD 22 00 00 00 00 00 00 
320: 01 02 04 00 00 01 00 13 C5 22 00 00 00 00 00 00 
321: 01 06 04 00 00 01 00 97 CB 22 00 00 00 00 00 00 

     1050
322: 01 1A 04 00 00 01 00 3E DB 22 00 00 00 00 00 00 - stone-golem - walk S1
323: 01 1B 04 00 00 01 00 A4 E8 22 00 00 00 00 00 00 - stone-golem - walk S2
324: 01 1C 04 00 00 01 00 96 F5 22 00 00 00 00 00 00 - stone-golem - walk W 
325: 01 1D 04 00 00 01 00 1D 02 23 00 00 00 00 00 00 - stone-golem - walk NW
326: 01 1E 04 00 00 01 00 B5 0E 23 00 00 00 00 00 00 - stone-golem - walk N
327: 01 24 04 00 00 01 00 0A 1B 23 00 00 00 00 00 00 - stone-golem - attack S
328: 01 25 04 00 00 01 00 AF 29 23 00 00 00 00 00 00 - stone-golem - attack SW
329: 01 26 04 00 00 01 00 C1 3B 23 00 00 00 00 00 00 - stone-golem - attack W
330: 01 27 04 00 00 01 00 66 4C 23 00 00 00 00 00 00 - stone-golem - attack NW
331: 01 28 04 00 00 01 00 6D 5E 23 00 00 00 00 00 00 - stone-golem - attack - N
332: 01 2E 04 00 00 01 00 8B 6D 23 00 00 00 00 00 00 - stone-golem - idle
333: 01 33 04 00 00 01 00 EF 7B 23 00 00 00 00 00 00 - stone-golem SE
334: 01 34 04 00 00 01 00 2C 8A 23 00 00 00 00 00 00 - stone-golem NE
335: 01 38 04 00 00 01 00 AD 98 23 00 00 00 00 00 00 - stone-golem (death)
     1080

336: 01 4C 04 00 00 01 00 1B BA 23 00 00 00 00 00 00 
337: 01 4D 04 00 00 01 00 38 C5 23 00 00 00 00 00 00 
338: 01 4E 04 00 00 01 00 F8 D2 23 00 00 00 00 00 00 
339: 01 4F 04 00 00 01 00 97 E2 23 00 00 00 00 00 00 
340: 01 50 04 00 00 01 00 5C EF 23 00 00 00 00 00 00 
341: 01 56 04 00 00 01 00 92 FB 23 00 00 00 00 00 00 
342: 01 57 04 00 00 01 00 1A 07 24 00 00 00 00 00 00 
343: 01 58 04 00 00 01 00 44 15 24 00 00 00 00 00 00 
344: 01 59 04 00 00 01 00 82 26 24 00 00 00 00 00 00 
345: 01 5A 04 00 00 01 00 8E 34 24 00 00 00 00 00 00 
346: 01 60 04 00 00 01 00 33 42 24 00 00 00 00 00 00 
347: 01 65 04 00 00 01 00 B6 51 24 00 00 00 00 00 00 
348: 01 66 04 00 00 01 00 D4 5E 24 00 00 00 00 00 00 
349: 01 6A 04 00 00 01 00 91 6B 24 00 00 00 00 00 00 
350: 01 7E 04 00 00 01 00 44 82 24 00 00 00 00 00 00 
351: 01 7F 04 00 00 01 00 00 8F 24 00 00 00 00 00 00 
352: 01 80 04 00 00 01 00 60 9B 24 00 00 00 00 00 00 
353: 01 81 04 00 00 01 00 EC A9 24 00 00 00 00 00 00 
354: 01 82 04 00 00 01 00 09 B7 24 00 00 00 00 00 00 
355: 01 88 04 00 00 01 00 BC C4 24 00 00 00 00 00 00 
356: 01 89 04 00 00 01 00 C7 D5 24 00 00 00 00 00 00 
357: 01 8A 04 00 00 01 00 9C E2 24 00 00 00 00 00 00 
358: 01 8B 04 00 00 01 00 B4 EF 24 00 00 00 00 00 00 
359: 01 8C 04 00 00 01 00 27 FD 24 00 00 00 00 00 00 
360: 01 92 04 00 00 01 00 27 0D 25 00 00 00 00 00 00 
361: 01 97 04 00 00 01 00 AB 18 25 00 00 00 00 00 00 
362: 01 98 04 00 00 01 00 CD 23 25 00 00 00 00 00 00 
363: 01 9C 04 00 00 01 00 6F 2D 25 00 00 00 00 00 00 
364: 01 9D 04 00 00 01 00 F9 3F 25 00 00 00 00 00 00 
365: 01 B0 04 00 00 01 00 6B 43 25 00 00 00 00 00 00 
366: 01 B1 04 00 00 01 00 67 78 25 00 00 00 00 00 00 
367: 01 B2 04 00 00 01 00 21 B4 25 00 00 00 00 00 00 
368: 01 B3 04 00 00 01 00 8F E6 25 00 00 00 00 00 00 
369: 01 B4 04 00 00 01 00 0F 25 26 00 00 00 00 00 00 
370: 01 BA 04 00 00 01 00 F9 63 26 00 00 00 00 00 00 
371: 01 BB 04 00 00 01 00 98 A5 26 00 00 00 00 00 00 
372: 01 BC 04 00 00 01 00 9E ED 26 00 00 00 00 00 00 
373: 01 BD 04 00 00 01 00 4A 29 27 00 00 00 00 00 00 
374: 01 BE 04 00 00 01 00 FC 73 27 00 00 00 00 00 00 
375: 01 C4 04 00 00 01 00 B6 C2 27 00 00 00 00 00 00 
376: 01 C9 04 00 00 01 00 0E FE 27 00 00 00 00 00 00 
377: 01 CA 04 00 00 01 00 46 3A 28 00 00 00 00 00 00 
378: 01 CE 04 00 00 01 00 6E 7F 28 00 00 00 00 00 00 
379: 01 D6 04 00 00 01 00 CD 0D 29 00 00 00 00 00 00 
380: 01 D8 04 00 00 01 00 D0 14 29 00 00 00 00 00 00 
381: 01 D9 04 00 00 01 00 74 49 29 00 00 00 00 00 00 
382: 01 DA 04 00 00 01 00 CC 84 29 00 00 00 00 00 00 
383: 01 DB 04 00 00 01 00 C0 B5 29 00 00 00 00 00 00 
384: 01 DC 04 00 00 01 00 84 F6 29 00 00 00 00 00 00 
385: 01 E2 04 00 00 01 00 CF 34 2A 00 00 00 00 00 00 
386: 01 E3 04 00 00 01 00 93 3B 2A 00 00 00 00 00 00 
387: 01 E4 04 00 00 01 00 83 40 2A 00 00 00 00 00 00 
388: 01 E5 04 00 00 01 00 27 45 2A 00 00 00 00 00 00 
389: 01 E6 04 00 00 01 00 ED 49 2A 00 00 00 00 00 00 
390: 01 EC 04 00 00 01 00 0C 50 2A 00 00 00 00 00 00 
391: 01 ED 04 00 00 01 00 F4 54 2A 00 00 00 00 00 00 
392: 01 EE 04 00 00 01 00 96 5B 2A 00 00 00 00 00 00 
393: 01 EF 04 00 00 01 00 6F 61 2A 00 00 00 00 00 00 
394: 01 F0 04 00 00 01 00 F7 68 2A 00 00 00 00 00 00 
395: 01 F6 04 00 00 01 00 16 71 2A 00 00 00 00 00 00 
396: 01 FB 04 00 00 01 00 FA 75 2A 00 00 00 00 00 00 
397: 01 FC 04 00 00 01 00 EE 7B 2A 00 00 00 00 00 00 
398: 01 00 05 00 00 01 00 0B 82 2A 00 00 00 00 00 00 
399: 01 01 05 00 00 01 00 76 8C 2A 00 00 00 00 00 00 
400: 01 14 05 00 00 01 00 C4 8D 2A 00 00 00 00 00 00 
401: 01 15 05 00 00 01 00 C7 95 2A 00 00 00 00 00 00 
402: 01 16 05 00 00 01 00 7D 9E 2A 00 00 00 00 00 00 
403: 01 17 05 00 00 01 00 B7 A5 2A 00 00 00 00 00 00 
404: 01 18 05 00 00 01 00 0D AE 2A 00 00 00 00 00 00 
405: 01 1E 05 00 00 01 00 7B B6 2A 00 00 00 00 00 00 
406: 01 1F 05 00 00 01 00 0B C1 2A 00 00 00 00 00 00 
407: 01 20 05 00 00 01 00 29 D0 2A 00 00 00 00 00 00 
408: 01 21 05 00 00 01 00 A6 DC 2A 00 00 00 00 00 00 
409: 01 22 05 00 00 01 00 FC EB 2A 00 00 00 00 00 00 
410: 01 28 05 00 00 01 00 24 F9 2A 00 00 00 00 00 00 
411: 01 2D 05 00 00 01 00 F9 01 2B 00 00 00 00 00 00 
412: 01 2E 05 00 00 01 00 2D 0D 2B 00 00 00 00 00 00 
413: 01 32 05 00 00 01 00 30 18 2B 00 00 00 00 00 00 
414: 01 33 05 00 00 01 00 37 35 2B 00 00 00 00 00 00 
415: 01 46 05 00 00 01 00 75 37 2B 00 00 00 00 00 00 
416: 01 47 05 00 00 01 00 16 3F 2B 00 00 00 00 00 00 
417: 01 48 05 00 00 01 00 B7 49 2B 00 00 00 00 00 00 
418: 01 49 05 00 00 01 00 DB 52 2B 00 00 00 00 00 00 
419: 01 4A 05 00 00 01 00 55 5A 2B 00 00 00 00 00 00 
420: 01 50 05 00 00 01 00 7F 62 2B 00 00 00 00 00 00 
421: 01 51 05 00 00 01 00 77 6B 2B 00 00 00 00 00 00 
422: 01 52 05 00 00 01 00 73 76 2B 00 00 00 00 00 00 
423: 01 53 05 00 00 01 00 CE 81 2B 00 00 00 00 00 00 
424: 01 54 05 00 00 01 00 70 8B 2B 00 00 00 00 00 00 
425: 01 5A 05 00 00 01 00 DE 94 2B 00 00 00 00 00 00 
426: 01 5F 05 00 00 01 00 9C 9E 2B 00 00 00 00 00 00 
427: 01 60 05 00 00 01 00 F8 A7 2B 00 00 00 00 00 00 
428: 01 64 05 00 00 01 00 F7 B0 2B 00 00 00 00 00 00 
429: 01 65 05 00 00 01 00 1E C4 2B 00 00 00 00 00 00 
430: 01 66 05 00 00 01 00 B0 C6 2B 00 00 00 00 00 00 
431: 01 67 05 00 00 01 00 26 C7 2B 00 00 00 00 00 00 
432: 01 68 05 00 00 01 00 8C C8 2B 00 00 00 00 00 00 
433: 01 6E 05 00 00 01 00 0A C9 2B 00 00 00 00 00 00 
434: 01 6F 05 00 00 01 00 BF CF 2B 00 00 00 00 00 00 
435: 01 70 05 00 00 01 00 B3 D9 2B 00 00 00 00 00 00 
436: 01 71 05 00 00 01 00 C9 E5 2B 00 00 00 00 00 00 
437: 01 72 05 00 00 01 00 CA F0 2B 00 00 00 00 00 00 
438: 01 78 05 00 00 01 00 77 F9 2B 00 00 00 00 00 00 
439: 01 79 05 00 00 01 00 D4 0C 2C 00 00 00 00 00 00 
440: 01 7A 05 00 00 01 00 DF 1F 2C 00 00 00 00 00 00 
441: 01 7B 05 00 00 01 00 3B 37 2C 00 00 00 00 00 00 
442: 01 7C 05 00 00 01 00 1E 4E 2C 00 00 00 00 00 00 
443: 01 82 05 00 00 01 00 27 63 2C 00 00 00 00 00 00 
444: 01 83 05 00 00 01 00 C3 80 2C 00 00 00 00 00 00 
445: 01 84 05 00 00 01 00 9E 9A 2C 00 00 00 00 00 00 
446: 01 85 05 00 00 01 00 07 B7 2C 00 00 00 00 00 00 
447: 01 86 05 00 00 01 00 CC CD 2C 00 00 00 00 00 00 
448: 01 8C 05 00 00 01 00 4B E8 2C 00 00 00 00 00 00 
449: 01 91 05 00 00 01 00 3B FC 2C 00 00 00 00 00 00 
450: 01 92 05 00 00 01 00 58 0E 2D 00 00 00 00 00 00 
451: 01 96 05 00 00 01 00 38 25 2D 00 00 00 00 00 00 
452: 01 97 05 00 00 01 00 A0 4B 2D 00 00 00 00 00 00 
453: 01 AA 05 00 00 01 00 94 50 2D 00 00 00 00 00 00 
454: 01 AB 05 00 00 01 00 15 64 2D 00 00 00 00 00 00 
455: 01 AC 05 00 00 01 00 3F 76 2D 00 00 00 00 00 00 
456: 01 AD 05 00 00 01 00 E7 89 2D 00 00 00 00 00 00 
457: 01 AE 05 00 00 01 00 06 9B 2D 00 00 00 00 00 00 
458: 01 B4 05 00 00 01 00 7C AE 2D 00 00 00 00 00 00 
459: 01 B5 05 00 00 01 00 E3 C1 2D 00 00 00 00 00 00 
460: 01 B6 05 00 00 01 00 59 D4 2D 00 00 00 00 00 00 
461: 01 B7 05 00 00 01 00 26 E8 2D 00 00 00 00 00 00 
462: 01 B8 05 00 00 01 00 8B F9 2D 00 00 00 00 00 00 
463: 01 BE 05 00 00 01 00 99 0C 2E 00 00 00 00 00 00 
464: 01 C3 05 00 00 01 00 D8 1A 2E 00 00 00 00 00 00 
465: 01 C4 05 00 00 01 00 E0 2A 2E 00 00 00 00 00 00 
466: 01 C8 05 00 00 01 00 6B 3C 2E 00 00 00 00 00 00 
467: 01 C9 05 00 00 01 00 0E 59 2E 00 00 00 00 00 00 
468: 01 DC 05 00 00 01 00 10 5D 2E 00 00 00 00 00 00 
469: 01 DD 05 00 00 01 00 9F 62 2E 00 00 00 00 00 00 
470: 01 DE 05 00 00 01 00 95 6A 2E 00 00 00 00 00 00 
471: 01 DF 05 00 00 01 00 CB 71 2E 00 00 00 00 00 00 
472: 01 E0 05 00 00 01 00 FD 78 2E 00 00 00 00 00 00 
473: 01 E6 05 00 00 01 00 19 7F 2E 00 00 00 00 00 00 
474: 01 E7 05 00 00 01 00 E4 85 2E 00 00 00 00 00 00 
475: 01 E8 05 00 00 01 00 63 8F 2E 00 00 00 00 00 00 
476: 01 E9 05 00 00 01 00 E1 98 2E 00 00 00 00 00 00 
477: 01 EA 05 00 00 01 00 A8 A0 2E 00 00 00 00 00 00 
478: 01 F0 05 00 00 01 00 D8 A7 2E 00 00 00 00 00 00 
479: 01 F5 05 00 00 01 00 5D B0 2E 00 00 00 00 00 00 
480: 01 F6 05 00 00 01 00 89 B9 2E 00 00 00 00 00 00 
481: 01 FA 05 00 00 01 00 19 C1 2E 00 00 00 00 00 00 
482: 01 FB 05 00 00 01 00 F4 D0 2E 00 00 00 00 00 00 
483: 01 0E 06 00 00 01 00 F3 D2 2E 00 00 00 00 00 00 
484: 01 0F 06 00 00 01 00 CA E0 2E 00 00 00 00 00 00 
485: 01 10 06 00 00 01 00 B2 F2 2E 00 00 00 00 00 00 
486: 01 11 06 00 00 01 00 91 04 2F 00 00 00 00 00 00 
487: 01 12 06 00 00 01 00 F5 15 2F 00 00 00 00 00 00 
488: 01 18 06 00 00 01 00 10 25 2F 00 00 00 00 00 00 
489: 01 19 06 00 00 01 00 DB 34 2F 00 00 00 00 00 00 
490: 01 1A 06 00 00 01 00 3E 46 2F 00 00 00 00 00 00 
491: 01 1B 06 00 00 01 00 79 59 2F 00 00 00 00 00 00 
492: 01 1C 06 00 00 01 00 E6 6D 2F 00 00 00 00 00 00 
493: 01 22 06 00 00 01 00 1C 7D 2F 00 00 00 00 00 00 
494: 01 27 06 00 00 01 00 08 91 2F 00 00 00 00 00 00 
495: 01 28 06 00 00 01 00 54 A8 2F 00 00 00 00 00 00 
496: 01 2C 06 00 00 01 00 1F BC 2F 00 00 00 00 00 00 
497: 01 2D 06 00 00 01 00 52 DF 2F 00 00 00 00 00 00 
498: 01 40 06 00 00 01 00 62 E4 2F 00 00 00 00 00 00 
499: 01 41 06 00 00 01 00 DC EC 2F 00 00 00 00 00 00 
500: 01 42 06 00 00 01 00 8B F5 2F 00 00 00 00 00 00 
501: 01 43 06 00 00 01 00 33 FC 2F 00 00 00 00 00 00 
502: 01 44 06 00 00 01 00 7C 03 30 00 00 00 00 00 00 
503: 01 4A 06 00 00 01 00 1C 0C 30 00 00 00 00 00 00 
504: 01 4B 06 00 00 01 00 DB 16 30 00 00 00 00 00 00 
505: 01 4C 06 00 00 01 00 7B 24 30 00 00 00 00 00 00 
506: 01 4D 06 00 00 01 00 53 2F 30 00 00 00 00 00 00 
507: 01 4E 06 00 00 01 00 C6 3B 30 00 00 00 00 00 00 
508: 01 54 06 00 00 01 00 83 46 30 00 00 00 00 00 00 
509: 01 59 06 00 00 01 00 3E 4F 30 00 00 00 00 00 00 
510: 01 5A 06 00 00 01 00 91 58 30 00 00 00 00 00 00 
511: 01 5E 06 00 00 01 00 7D 61 30 00 00 00 00 00 00 
512: 01 5F 06 00 00 01 00 39 79 30 00 00 00 00 00 00 
513: 01 72 06 00 00 01 00 74 7B 30 00 00 00 00 00 00 
514: 01 73 06 00 00 01 00 18 84 30 00 00 00 00 00 00 
515: 01 74 06 00 00 01 00 A6 8D 30 00 00 00 00 00 00 
516: 01 75 06 00 00 01 00 5E 95 30 00 00 00 00 00 00 
517: 01 76 06 00 00 01 00 40 9E 30 00 00 00 00 00 00 
518: 01 7C 06 00 00 01 00 D8 A6 30 00 00 00 00 00 00 
519: 01 7D 06 00 00 01 00 49 AF 30 00 00 00 00 00 00 
520: 01 7E 06 00 00 01 00 92 B9 30 00 00 00 00 00 00 
521: 01 7F 06 00 00 01 00 7A C1 30 00 00 00 00 00 00 
522: 01 80 06 00 00 01 00 CE CA 30 00 00 00 00 00 00 
523: 01 86 06 00 00 01 00 17 D4 30 00 00 00 00 00 00 
524: 01 8B 06 00 00 01 00 83 DD 30 00 00 00 00 00 00 
525: 01 8C 06 00 00 01 00 E9 E7 30 00 00 00 00 00 00 
526: 01 90 06 00 00 01 00 2F F0 30 00 00 00 00 00 00 
527: 01 91 06 00 00 01 00 62 09 31 00 00 00 00 00 00 
528: 01 92 06 00 00 01 00 F4 0B 31 00 00 00 00 00 00 
529: 01 93 06 00 00 01 00 50 0E 31 00 00 00 00 00 00 
530: 01 94 06 00 00 01 00 02 11 31 00 00 00 00 00 00 
531: 01 95 06 00 00 01 00 DF 12 31 00 00 00 00 00 00 
532: 01 96 06 00 00 01 00 2A 15 31 00 00 00 00 00 00 
533: 01 A4 06 00 00 01 00 86 17 31 00 00 00 00 00 00 
534: 01 A5 06 00 00 01 00 1E 1D 31 00 00 00 00 00 00 
535: 01 A6 06 00 00 01 00 C9 26 31 00 00 00 00 00 00 
536: 01 A7 06 00 00 01 00 E8 2E 31 00 00 00 00 00 00 
537: 01 A8 06 00 00 01 00 54 38 31 00 00 00 00 00 00 
538: 01 AE 06 00 00 01 00 C8 3D 31 00 00 00 00 00 00 
539: 01 AF 06 00 00 01 00 1B 45 31 00 00 00 00 00 00 
540: 01 B0 06 00 00 01 00 D9 4E 31 00 00 00 00 00 00 
541: 01 B1 06 00 00 01 00 AF 57 31 00 00 00 00 00 00 
542: 01 B2 06 00 00 01 00 17 64 31 00 00 00 00 00 00 
543: 01 B8 06 00 00 01 00 BB 69 31 00 00 00 00 00 00 
544: 01 BD 06 00 00 01 00 5B 72 31 00 00 00 00 00 00 
545: 01 BE 06 00 00 01 00 05 7C 31 00 00 00 00 00 00 
546: 01 C2 06 00 00 01 00 C5 85 31 00 00 00 00 00 00 
547: 01 C3 06 00 00 01 00 36 99 31 00 00 00 00 00 00 
548: 01 D6 06 00 00 01 00 80 9B 31 00 00 00 00 00 00 
549: 01 D7 06 00 00 01 00 D4 A6 31 00 00 00 00 00 00 
550: 01 D8 06 00 00 01 00 CC B2 31 00 00 00 00 00 00 
551: 01 D9 06 00 00 01 00 63 BC 31 00 00 00 00 00 00 
552: 01 DA 06 00 00 01 00 6B C9 31 00 00 00 00 00 00 
553: 01 E0 06 00 00 01 00 4F D7 31 00 00 00 00 00 00 
554: 01 E1 06 00 00 01 00 12 E2 31 00 00 00 00 00 00 
555: 01 E2 06 00 00 01 00 4C F0 31 00 00 00 00 00 00 
556: 01 E3 06 00 00 01 00 6A FD 31 00 00 00 00 00 00 
557: 01 E4 06 00 00 01 00 A2 0C 32 00 00 00 00 00 00 
558: 01 EA 06 00 00 01 00 33 18 32 00 00 00 00 00 00 
559: 01 EF 06 00 00 01 00 B3 24 32 00 00 00 00 00 00 
560: 01 F0 06 00 00 01 00 8F 33 32 00 00 00 00 00 00 
561: 01 F4 06 00 00 01 00 0E 40 32 00 00 00 00 00 00 
562: 01 F5 06 00 00 01 00 93 56 32 00 00 00 00 00 00 
563: 01 08 07 00 00 01 00 09 5A 32 00 00 00 00 00 00 
564: 01 09 07 00 00 01 00 E7 69 32 00 00 00 00 00 00 
565: 01 0A 07 00 00 01 00 E3 79 32 00 00 00 00 00 00 
566: 01 0B 07 00 00 01 00 19 8B 32 00 00 00 00 00 00 
567: 01 0C 07 00 00 01 00 EE 9B 32 00 00 00 00 00 00 
568: 01 12 07 00 00 01 00 51 AE 32 00 00 00 00 00 00 
569: 01 13 07 00 00 01 00 68 BA 32 00 00 00 00 00 00 
570: 01 14 07 00 00 01 00 D8 CA 32 00 00 00 00 00 00 
571: 01 15 07 00 00 01 00 7F DC 32 00 00 00 00 00 00 
572: 01 16 07 00 00 01 00 26 F0 32 00 00 00 00 00 00 
573: 01 1C 07 00 00 01 00 A2 FF 32 00 00 00 00 00 00 
574: 01 21 07 00 00 01 00 9E 0F 33 00 00 00 00 00 00 
575: 01 22 07 00 00 01 00 BE 21 33 00 00 00 00 00 00 
576: 01 26 07 00 00 01 00 39 37 33 00 00 00 00 00 00 
577: 01 27 07 00 00 01 00 57 58 33 00 00 00 00 00 00 
578: 01 28 07 00 00 01 00 BB 5D 33 00 00 00 00 00 00 
579: 01 29 07 00 00 01 00 A5 5F 33 00 00 00 00 00 00 
580: 01 2A 07 00 00 01 00 9B 62 33 00 00 00 00 00 00 
581: 01 2B 07 00 00 01 00 7F 64 33 00 00 00 00 00 00 
582: 01 2C 07 00 00 01 00 75 67 33 00 00 00 00 00 00 
583: 01 2E 07 00 00 01 00 5F 69 33 00 00 00 00 00 00 
584: 01 3A 07 00 00 01 00 62 70 33 00 00 00 00 00 00 
585: 01 3B 07 00 00 01 00 72 79 33 00 00 00 00 00 00 
586: 01 3C 07 00 00 01 00 AA 82 33 00 00 00 00 00 00 
587: 01 3D 07 00 00 01 00 BE 8C 33 00 00 00 00 00 00 
588: 01 3E 07 00 00 01 00 CE 98 33 00 00 00 00 00 00 
589: 01 3F 07 00 00 01 00 E5 A1 33 00 00 00 00 00 00 
590: 01 40 07 00 00 01 00 F5 AD 33 00 00 00 00 00 00 
591: 01 41 07 00 00 01 00 09 B8 33 00 00 00 00 00 00 
592: 01 44 07 00 00 01 00 41 C1 33 00 00 00 00 00 00 
593: 01 45 07 00 00 01 00 35 CB 33 00 00 00 00 00 00 
594: 01 46 07 00 00 01 00 AC D6 33 00 00 00 00 00 00 
595: 01 47 07 00 00 01 00 D5 E2 33 00 00 00 00 00 00 
596: 01 48 07 00 00 01 00 29 F0 33 00 00 00 00 00 00 
597: 01 49 07 00 00 01 00 75 F9 33 00 00 00 00 00 00 
598: 01 4A 07 00 00 01 00 C9 06 34 00 00 00 00 00 00 
599: 01 4B 07 00 00 01 00 F2 12 34 00 00 00 00 00 00 
600: 01 4E 07 00 00 01 00 69 1E 34 00 00 00 00 00 00 
601: 01 4F 07 00 00 01 00 38 28 34 00 00 00 00 00 00 
602: 01 53 07 00 00 01 00 07 32 34 00 00 00 00 00 00 
603: 01 54 07 00 00 01 00 9E 3D 34 00 00 00 00 00 00 
604: 01 55 07 00 00 01 00 89 49 34 00 00 00 00 00 00 
605: 01 56 07 00 00 01 00 20 55 34 00 00 00 00 00 00 
606: 01 58 07 00 00 01 00 0B 61 34 00 00 00 00 00 00 
607: 01 59 07 00 00 01 00 E9 6D 34 00 00 00 00 00 00 
608: 01 9E 07 00 00 01 00 B1 70 34 00 00 00 00 00 00 
609: 01 9F 07 00 00 01 00 A7 7B 34 00 00 00 00 00 00 
610: 01 A0 07 00 00 01 00 01 8B 34 00 00 00 00 00 00 
611: 01 A1 07 00 00 01 00 83 98 34 00 00 00 00 00 00 
612: 01 A2 07 00 00 01 00 D6 A6 34 00 00 00 00 00 00 
613: 01 A8 07 00 00 01 00 48 B6 34 00 00 00 00 00 00 
614: 01 A9 07 00 00 01 00 DC C1 34 00 00 00 00 00 00 
615: 01 AA 07 00 00 01 00 BD D0 34 00 00 00 00 00 00 
616: 01 AB 07 00 00 01 00 17 DE 34 00 00 00 00 00 00 
617: 01 AC 07 00 00 01 00 AA EC 34 00 00 00 00 00 00 
618: 01 B2 07 00 00 01 00 D4 FA 34 00 00 00 00 00 00 
619: 01 B7 07 00 00 01 00 2E 0A 35 00 00 00 00 00 00 
620: 01 B8 07 00 00 01 00 EC 19 35 00 00 00 00 00 00 
621: 01 BC 07 00 00 01 00 77 28 35 00 00 00 00 00 00 
622: 01 BD 07 00 00 01 00 96 44 35 00 00 00 00 00 00 
623: 01 D0 07 00 00 01 00 32 49 35 00 00 00 00 00 00 
624: 01 D1 07 00 00 01 00 F0 55 35 00 00 00 00 00 00 
625: 01 D2 07 00 00 01 00 D9 65 35 00 00 00 00 00 00 
626: 01 D3 07 00 00 01 00 73 73 35 00 00 00 00 00 00 
627: 01 D4 07 00 00 01 00 74 82 35 00 00 00 00 00 00 
628: 01 DA 07 00 00 01 00 4E 92 35 00 00 00 00 00 00 
629: 01 DB 07 00 00 01 00 22 9F 35 00 00 00 00 00 00 
630: 01 DC 07 00 00 01 00 D6 AE 35 00 00 00 00 00 00 
631: 01 DD 07 00 00 01 00 07 BD 35 00 00 00 00 00 00 
632: 01 DE 07 00 00 01 00 72 CD 35 00 00 00 00 00 00 
633: 01 E4 07 00 00 01 00 C1 DD 35 00 00 00 00 00 00 
634: 01 E9 07 00 00 01 00 A1 F0 35 00 00 00 00 00 00 
635: 01 EA 07 00 00 01 00 95 00 36 00 00 00 00 00 00 
636: 01 EE 07 00 00 01 00 BF 10 36 00 00 00 00 00 00 
637: 01 F0 07 00 00 01 00 4A 30 36 00 00 00 00 00 00 
638: 01 F1 07 00 00 01 00 DB 31 36 00 00 00 00 00 00 
639: 01 F2 07 00 00 01 00 4E 33 36 00 00 00 00 00 00 
640: 01 F3 07 00 00 01 00 BA 34 36 00 00 00 00 00 00 
641: 01 F4 07 00 00 01 00 36 36 36 00 00 00 00 00 00 
642: 01 F6 07 00 00 01 00 C7 37 36 00 00 00 00 00 00 
643: 01 C4 09 00 00 01 00 75 3A 36 00 00 00 00 00 00 
644: 01 C6 09 00 00 01 00 FB 42 36 00 00 00 00 00 00 
645: 01 C8 09 00 00 01 00 5D 4B 36 00 00 00 00 00 00 
646: 01 CA 09 00 00 01 00 C8 53 36 00 00 00 00 00 00 
647: 01 CC 09 00 00 01 00 E4 5C 36 00 00 00 00 00 00 
648: 01 CE 09 00 00 01 00 42 65 36 00 00 00 00 00 00 
649: 01 D0 09 00 00 01 00 6A 6E 36 00 00 00 00 00 00 
650: 01 D2 09 00 00 01 00 E1 76 36 00 00 00 00 00 00 
651: 01 D4 09 00 00 01 00 F4 7E 36 00 00 00 00 00 00 
652: 01 D6 09 00 00 01 00 86 87 36 00 00 00 00 00 00 
653: 01 D8 09 00 00 01 00 24 90 36 00 00 00 00 00 00 
654: 01 DA 09 00 00 01 00 C6 98 36 00 00 00 00 00 00 
655: 01 DC 09 00 00 01 00 1F A1 36 00 00 00 00 00 00 
656: 01 DD 09 00 00 01 00 0E AA 36 00 00 00 00 00 00 
657: 01 DE 09 00 00 01 00 E0 B1 36 00 00 00 00 00 00 
658: 01 E0 09 00 00 01 00 DD BA 36 00 00 00 00 00 00 
659: 01 E2 09 00 00 01 00 4F C3 36 00 00 00 00 00 00 
660: 01 E4 09 00 00 01 00 BB CB 36 00 00 00 00 00 00 
661: 01 E6 09 00 00 01 00 36 D4 36 00 00 00 00 00 00 
662: 01 E8 09 00 00 01 00 6B DC 36 00 00 00 00 00 00 
663: 01 EA 09 00 00 01 00 97 E4 36 00 00 00 00 00 00 
664: 01 EC 09 00 00 01 00 19 ED 36 00 00 00 00 00 00 
665: 01 EE 09 00 00 01 00 C8 F5 36 00 00 00 00 00 00 
666: 01 F0 09 00 00 01 00 02 FE 36 00 00 00 00 00 00 ?????? empty ??
667: 01 F2 09 00 00 01 00 D4 05 37 00 00 00 00 00 00 - creature icon - black spot?  item icon?
668: 01 F6 09 00 00 01 00 44 1A 37 00 00 00 00 00 00 - creature icon - golem !!! (Again?!) (fount it! :))
669: 01 F8 09 00 00 01 00 8A 24 37 00 00 00 00 00 00 - creature icon - banshee                           
670: 01 FA 09 00 00 01 00 D0 2E 37 00 00 00 00 00 00 - creature icon - orc
671: 01 FC 09 00 00 01 00 40 43 37 00 00 00 00 00 00 - creature icon - thief 
672: 01 FE 09 00 00 01 00 86 4D 37 00 00 00 00 00 00 - creature icon - cleric
673: 01 00 0A 00 00 01 00 F6 61 37 00 00 00 00 00 00 - creature icon - peasant
674: 01 02 0A 00 00 01 00 3C 6C 37 00 00 00 00 00 00 - creature icon - golem!!! (found it :))
675: 01 04 0A 00 00 01 00 82 76 37 00 00 00 00 00 00 - creature icon - druid
676: 01 06 0A 00 00 01 00 F2 8A 37 00 00 00 00 00 00 - creature icon - valkirye
677: 01 08 0A 00 00 01 00 62 9F 37 00 00 00 00 00 00 - creature icon - grargoyl
678: 01 0A 0A 00 00 01 00 D2 B3 37 00 00 00 00 00 00 - creature icon - ghoul
679: 01 0C 0A 00 00 01 00 42 C8 37 00 00 00 00 00 00 - creature icon - gnome       
680: 01 0E 0A 00 00 01 00 B2 DC 37 00 00 00 00 00 00 - creature icon - stone golem 
681: 01 10 0A 00 00 01 00 22 F1 37 00 00 00 00 00 00 - creature icon - medusa
682: 01 12 0A 00 00 01 00 68 FB 37 00 00 00 00 00 00 - creature icon - gryffon
683: 01 14 0A 00 00 01 00 D8 0F 38 00 00 00 00 00 00 - creature icon - ?
684: 01 16 0A 00 00 01 00 1E 1A 38 00 00 00 00 00 00 - creature icon - ?
685: 01 18 0A 00 00 01 00 8E 2E 38 00 00 00 00 00 00 - creature icon - obelisk (PLAYER)
686: 01 1A 0A 00 00 01 00 D4 38 38 00 00 00 00 00 00 - creature icon - paladin
687: 01 1C 0A 00 00 01 00 44 4D 38 00 00 00 00 00 00 - creature icon - ranger
688: 01 1E 0A 00 00 01 00 B4 61 38 00 00 00 00 00 00 - creature icon - roc
689: 01 20 0A 00 00 01 00 FA 6B 38 00 00 00 00 00 00 - creature icon - nest (land icon?)
690: 01 21 0A 00 00 01 00 40 76 38 00 00 00 00 00 00 - creature icon - egg
691: 01 22 0A 00 00 01 00 86 80 38 00 00 00 00 00 00 - creature icon - ? 
692: 01 24 0A 00 00 01 00 F6 94 38 00 00 00 00 00 00 - creature icon - troll
693: 01 26 0A 00 00 01 00 3C 9F 38 00 00 00 00 00 00 - creature icon - warrior
694: 01 28 0A 00 00 01 00 AC B3 38 00 00 00 00 00 00 - creature icon - wizard
695: 01 2A 0A 00 00 01 00 1C C8 38 00 00 00 00 00 00 - creature icon - wolf
696: 01 2C 0A 00 00 01 00 62 D2 38 00 00 00 00 00 00 - creature icon - ?? i don't remember... something from the necropolis :)
697: 01 2E 0A 00 00 01 00 D2 E6 38 00 00 00 00 00 00 - creature icon - wyrm
698: 01 30 0A 00 00 01 00 42 FB 38 00 00 00 00 00 00 - creature icon - zombie
699: 01 32 0A 00 00 01 00 B2 0F 39 00 00 00 00 00 00 - creature icon - turtle 
700: 01 34 0A 00 00 01 00 F8 19 39 00 00 00 00 00 00 - creature icon
701: 01 36 0A 00 00 01 00 68 2E 39 00 00 00 00 00 00 - creature icon
702: 01 38 0A 00 00 01 00 AE 38 39 00 00 00 00 00 00 - creature icon - pod (player)
703: 01 3A 0A 00 00 01 00 F4 42 39 00 00 00 00 00 00 - creature icon - generic 
704: 01 50 0A 00 00 01 00 3A 4D 39 00 00 00 00 00 00 - land icon
705: 01 52 0A 00 00 01 00 80 57 39 00 00 00 00 00 00 - land icon
706: 01 54 0A 00 00 01 00 C6 61 39 00 00 00 00 00 00 - land icon
707: 01 56 0A 00 00 01 00 0C 6C 39 00 00 00 00 00 00 - land icon
708: 01 58 0A 00 00 01 00 52 76 39 00 00 00 00 00 00 - land icon
709: 01 5A 0A 00 00 01 00 98 80 39 00 00 00 00 00 00 - land icon
710: 01 5C 0A 00 00 01 00 DE 8A 39 00 00 00 00 00 00 - land icon
711: 01 60 0A 00 00 01 00 24 95 39 00 00 00 00 00 00 - land icon
712: 01 62 0A 00 00 01 00 6A 9F 39 00 00 00 00 00 00 - land icon
713: 01 64 0A 00 00 01 00 B0 A9 39 00 00 00 00 00 00 - land icon
714: 01 66 0A 00 00 01 00 F6 B3 39 00 00 00 00 00 00 - land icon
715: 01 68 0A 00 00 01 00 3C BE 39 00 00 00 00 00 00 - land icon
716: 01 6A 0A 00 00 01 00 82 C8 39 00 00 00 00 00 00 - land icon
717: 01 6C 0A 00 00 01 00 C8 D2 39 00 00 00 00 00 00 - land icon
718: 01 6E 0A 00 00 01 00 0E DD 39 00 00 00 00 00 00 - land icon
719: 01 70 0A 00 00 01 00 54 E7 39 00 00 00 00 00 00 - land icon
720: 01 72 0A 00 00 01 00 9A F1 39 00 00 00 00 00 00 - land icon - golem spawner (PLAYER)
721: 01 74 0A 00 00 01 00 E0 FB 39 00 00 00 00 00 00 - land icon
722: 01 76 0A 00 00 01 00 26 06 3A 00 00 00 00 00 00 - land icon - marsh
723: 01 78 0A 00 00 01 00 6C 10 3A 00 00 00 00 00 00 - land icon
724: 01 7A 0A 00 00 01 00 B2 1A 3A 00 00 00 00 00 00 - land icon
725: 01 7C 0A 00 00 01 00 F8 24 3A 00 00 00 00 00 00 - land icon
726: 01 7E 0A 00 00 01 00 3E 2F 3A 00 00 00 00 00 00 - land icon - foliage (trees)
727: 01 80 0A 00 00 01 00 84 39 3A 00 00 00 00 00 00 - land icon
728: 01 8C 0A 00 00 01 00 CA 43 3A 00 00 00 00 00 00 - land icon - lore barracks
729: 01 8E 0A 00 00 01 00 3A 58 3A 00 00 00 00 00 00 - land icon
730: 01 90 0A 00 00 01 00 AA 6C 3A 00 00 00 00 00 00 - land icon
731: 01 94 0A 00 00 01 00 F0 76 3A 00 00 00 00 00 00 - land icon
732: 01 96 0A 00 00 01 00 60 8B 3A 00 00 00 00 00 00 - land icon - portal
733: 01 9A 0A 00 00 01 00 A6 95 3A 00 00 00 00 00 00 - land icon
734: 01 9C 0A 00 00 01 00 EC 9F 3A 00 00 00 00 00 00 - land icon
735: 01 9E 0A 00 00 01 00 5C B4 3A 00 00 00 00 00 00 - land icon
736: 01 A0 0A 00 00 01 00 CC C8 3A 00 00 00 00 00 00 - land icon
737: 01 A2 0A 00 00 01 00 12 D3 3A 00 00 00 00 00 00 - land icon - tomb stone
738: 01 A4 0A 00 00 01 00 58 DD 3A 00 00 00 00 00 00 - land icon
739: 01 A6 0A 00 00 01 00 C8 F1 3A 00 00 00 00 00 00 - land icon
740: 01 A8 0A 00 00 01 00 0E FC 3A 00 00 00 00 00 00 - land icon
741: 01 AA 0A 00 00 01 00 54 06 3B 00 00 00 00 00 00 - land icon - wall
742: 01 AC 0A 00 00 01 00 9A 10 3B 00 00 00 00 00 00 - land icon
743: 01 AE 0A 00 00 01 00 E0 1A 3B 00 00 00 00 00 00 - land icon - trap
744: 01 B0 0A 00 00 01 00 26 25 3B 00 00 00 00 00 00 - land icon - wall
745: 01 B2 0A 00 00 01 00 6C 2F 3B 00 00 00 00 00 00 - land icon
746: 01 B4 0A 00 00 01 00 B2 39 3B 00 00 00 00 00 00 - land icon - bridge
747: 01 B6 0A 00 00 01 00 F8 43 3B 00 00 00 00 00 00 - land icon
748: 01 B8 0A 00 00 01 00 3E 4E 3B 00 00 00 00 00 00 - land icon
749: 01 BA 0A 00 00 01 00 84 58 3B 00 00 00 00 00 00 - land icon
750: 01 BC 0A 00 00 01 00 CA 62 3B 00 00 00 00 00 00 - land icon
751: 01 F0 0A 00 00 01 00 10 6D 3B 00 00 00 00 00 00 - character icon
752: 01 F2 0A 00 00 01 00 AA 8B 3B 00 00 00 00 00 00 - character icon
753: 01 F4 0A 00 00 01 00 44 AA 3B 00 00 00 00 00 00 - character icon
754: 01 F6 0A 00 00 01 00 DE C8 3B 00 00 00 00 00 00 - character icon
755: 01 F8 0A 00 00 01 00 78 E7 3B 00 00 00 00 00 00 - character icon
756: 01 FA 0A 00 00 01 00 12 06 3C 00 00 00 00 00 00 - character icon
757: 01 FC 0A 00 00 01 00 AC 24 3C 00 00 00 00 00 00 - character icon
758: 01 FD 0A 00 00 01 00 46 43 3C 00 00 00 00 00 00 - item 
759: 01 FE 0A 00 00 01 00 8C 4D 3C 00 00 00 00 00 00 - character icon
760: 01 00 0B 00 00 01 00 26 6C 3C 00 00 00 00 00 00 - character icon
761: 01 02 0B 00 00 01 00 C0 8A 3C 00 00 00 00 00 00 - character icon
762: 01 04 0B 00 00 01 00 5A A9 3C 00 00 00 00 00 00 - character icon - gendalf
763: 01 06 0B 00 00 01 00 F4 C7 3C 00 00 00 00 00 00 - character icon - kchutlhu
764: 01 08 0B 00 00 01 00 8E E6 3C 00 00 00 00 00 00 
765: 01 22 0B 00 00 01 00 D4 F0 3C 00 00 00 00 00 00 
766: 01 24 0B 00 00 01 00 A2 F3 3C 00 00 00 00 00 00 
767: 01 26 0B 00 00 01 00 22 F6 3C 00 00 00 00 00 00 
768: 01 28 0B 00 00 01 00 37 FA 3C 00 00 00 00 00 00 
769: 01 2A 0B 00 00 01 00 45 FC 3C 00 00 00 00 00 00 
770: 01 2C 0B 00 00 01 00 99 FD 3C 00 00 00 00 00 00 
771: 01 2E 0B 00 00 01 00 3D 00 3D 00 00 00 00 00 00 
772: 01 30 0B 00 00 01 00 76 03 3D 00 00 00 00 00 00 
773: 01 32 0B 00 00 01 00 D2 05 3D 00 00 00 00 00 00 
774: 01 34 0B 00 00 01 00 BC 08 3D 00 00 00 00 00 00 
775: 01 36 0B 00 00 01 00 0A 0D 3D 00 00 00 00 00 00 
776: 01 38 0B 00 00 01 00 39 0D 3D 00 00 00 00 00 00 
777: 01 3A 0B 00 00 01 00 DF 0D 3D 00 00 00 00 00 00 
778: 01 3C 0B 00 00 01 00 85 0E 3D 00 00 00 00 00 00 
779: 01 3E 0B 00 00 01 00 6F 11 3D 00 00 00 00 00 00 
780: 01 40 0B 00 00 01 00 8B 12 3D 00 00 00 00 00 00 
781: 01 42 0B 00 00 01 00 B5 13 3D 00 00 00 00 00 00 
782: 01 54 0B 00 00 01 00 D1 14 3D 00 00 00 00 00 00 - face icon
783: 01 56 0B 00 00 01 00 CD 16 3D 00 00 00 00 00 00 - face icon
784: 01 58 0B 00 00 01 00 C9 18 3D 00 00 00 00 00 00 - face icon
785: 01 5A 0B 00 00 01 00 E1 1A 3D 00 00 00 00 00 00 - face icon
786: 01 5C 0B 00 00 01 00 EB 1C 3D 00 00 00 00 00 00 - face icon
787: 01 5E 0B 00 00 01 00 11 1F 3D 00 00 00 00 00 00 - face icon
788: 01 60 0B 00 00 01 00 0D 21 3D 00 00 00 00 00 00 - face icon
789: 01 62 0B 00 00 01 00 17 23 3D 00 00 00 00 00 00 - face icon - beard
790: 01 64 0B 00 00 01 00 D5 25 3D 00 00 00 00 00 00 - face icon
791: 01 7C 0B 00 00 01 00 D1 27 3D 00 00 00 00 00 00 - face icon
792: 01 7E 0B 00 00 01 00 CD 29 3D 00 00 00 00 00 00 - face icon
793: 01 80 0B 00 00 01 00 C9 2B 3D 00 00 00 00 00 00 - face icon
794: 01 82 0B 00 00 01 00 C5 2D 3D 00 00 00 00 00 00 - face icon
795: 01 84 0B 00 00 01 00 03 30 3D 00 00 00 00 00 00 - face icon - 
796: 01 86 0B 00 00 01 00 FF 31 3D 00 00 00 00 00 00 - face icon - angry face
797: 01 88 0B 00 00 01 00 09 34 3D 00 00 00 00 00 00 - face icon - small face
798: 01 8A 0B 00 00 01 00 05 36 3D 00 00 00 00 00 00 - face icon - human
799: 01 9A 0B 00 00 01 00 01 38 3D 00 00 00 00 00 00 - face icon - dark elf
800: 01 9C 0B 00 00 01 00 93 3A 3D 00 00 00 00 00 00 - face icon - barbar
801: 01 9E 0B 00 00 01 00 9D 3C 3D 00 00 00 00 00 00 - face icon - elf
802: 01 A0 0B 00 00 01 00 1D 3F 3D 00 00 00 00 00 00 - face icon - skull
803: 01 A2 0B 00 00 01 00 27 41 3D 00 00 00 00 00 00 - face icon - really green
804: 01 A4 0B 00 00 01 00 DD 43 3D 00 00 00 00 00 00 - face icon - normal
805: 01 A6 0B 00 00 01 00 1B 46 3D 00 00 00 00 00 00 - face icon - yellow
806: 01 A8 0B 00 00 01 00 9B 48 3D 00 00 00 00 00 00 - face icon - red
807: 01 AA 0B 00 00 01 00 3F 4B 3D 00 00 00 00 00 00 - face icon - green
808: 01 AC 0B 00 00 01 00 49 4D 3D 00 00 00 00 00 00 - face icon - purple
809: 01 AE 0B 00 00 01 00 D1 4F 3D 00 00 00 00 00 00 - face icon - pink
810: 01 B0 0B 00 00 01 00 AF 52 3D 00 00 00 00 00 00 - face icon - gold
811: 01 B8 0B 00 00 01 00 53 55 3D 00 00 00 00 00 00 - dummy icon - warrior?
812: 01 BA 0B 00 00 01 00 99 5F 3D 00 00 00 00 00 00 - dummy icon - wizard??
813: 01 BC 0B 00 00 01 00 DF 69 3D 00 00 00 00 00 00 - dummy icon - warrior?
814: 01 BE 0B 00 00 01 00 25 74 3D 00 00 00 00 00 00 - dummy icon - ranger - female
815: 01 C0 0B 00 00 01 00 6B 7E 3D 00 00 00 00 00 00 - dummy icon - ranger - male
816: 01 C2 0B 00 00 01 00 B1 88 3D 00 00 00 00 00 00 - dummy icon - wizard ? - male
817: 01 C4 0B 00 00 01 00 F7 92 3D 00 00 00 00 00 00 - dummy icon - priest - male
818: 01 C6 0B 00 00 01 00 3D 9D 3D 00 00 00 00 00 00 - dummy icon - warlock - male
819: 01 C8 0B 00 00 01 00 83 A7 3D 00 00 00 00 00 00 - dummy icon - warrior - female 
820: 01 CA 0B 00 00 01 00 C9 B1 3D 00 00 00 00 00 00 - dummy icon - wizard - male
821: 01 AB 0D 00 00 01 00 0F BC 3D 00 00 00 00 00 00 
822: 01 AC 0D 00 00 01 00 41 E3 3D 00 00 00 00 00 00 
823: 01 CF 0D 00 00 01 00 73 0A 3E 00 00 00 00 00 00 
824: 01 E8 0D 00 00 01 00 C9 69 3E 00 00 00 00 00 00 
825: 01 12 0E 00 00 01 00 1F C9 3E 00 00 00 00 00 00 
826: 01 24 0E 00 00 01 00 75 28 3F 00 00 00 00 00 00 
827: 01 4C 0E 00 00 01 00 CB 87 3F 00 00 00 00 00 00 
828: 01 5E 0E 00 00 01 00 21 E7 3F 00 00 00 00 00 00 
829: 01 7E 0E 00 00 01 00 77 46 40 00 00 00 00 00 00 
830: 01 92 0E 00 00 01 00 CD A5 40 00 00 00 00 00 00 
831: 01 BA 0E 00 00 01 00 23 05 41 00 00 00 00 00 00 
832: 01 D3 0E 00 00 01 00 79 64 41 00 00 00 00 00 00 
833: 01 EC 0E 00 00 01 00 CF C3 41 00 00 00 00 00 00 
834: 01 40 1F 00 00 01 00 25 23 42 00 00 00 00 00 00 
835: 01 72 1F 00 00 01 00 53 17 44 00 00 00 00 00 00 
836: 01 74 1F 00 00 01 00 81 0B 46 00 00 00 00 00 00 - stone?? wrong palette?
837: 01 76 1F 00 00 01 00 C1 06 47 00 00 00 00 00 00 - middle button - center
838: 01 77 1F 00 00 01 00 45 11 47 00 00 00 00 00 00 - middle button - left
839: 01 78 1F 00 00 01 00 C9 1B 47 00 00 00 00 00 00 - middle button - right 
840: 01 7C 1F 00 00 01 00 4D 26 47 00 00 00 00 00 00 - 0 animation
841: 01 7D 1F 00 00 01 00 B6 31 47 00 00 00 00 00 00 - 1 animation
842: 01 7E 1F 00 00 01 00 A2 3D 47 00 00 00 00 00 00 - 2 animation
843: 01 7F 1F 00 00 01 00 FE 49 47 00 00 00 00 00 00 - 3 animation 
844: 01 80 1F 00 00 01 00 29 56 47 00 00 00 00 00 00 - 4 animation
845: 01 81 1F 00 00 01 00 AE 61 47 00 00 00 00 00 00 - 5 animation
846: 01 82 1F 00 00 01 00 D1 6C 47 00 00 00 00 00 00 - 6 animation
847: 01 83 1F 00 00 01 00 EE 78 47 00 00 00 00 00 00 - 7 animation
848: 01 84 1F 00 00 01 00 A6 84 47 00 00 00 00 00 00 - 8 animation
849: 01 85 1F 00 00 01 00 CD 8F 47 00 00 00 00 00 00 - 9 animation
850: 01 D6 1F 00 00 01 00 B1 9B 47 00 00 00 00 00 00 - title menu
851: 01 DA 1F 00 00 01 00 DF 8F 49 00 00 00 00 00 00 - game menu elements
852: 01 DC 1F 00 00 01 00 3B FA 49 00 00 00 00 00 00 - short left
853: 01 DD 1F 00 00 01 00 45 FD 49 00 00 00 00 00 00 - short right
854: 01 DE 1F 00 00 01 00 4F 00 4A 00 00 00 00 00 00 - gray button
855: 01 DF 1F 00 00 01 00 23 06 4A 00 00 00 00 00 00 - short gray button
856: 01 E0 1F 00 00 01 00 2D 09 4A 00 00 00 00 00 00 - gray button
857: 01 E1 1F 00 00 01 00 61 15 4A 00 00 00 00 00 00 - background for obelisks
858: 01 08 20 00 00 01 00 6B 2D 4A 00 00 00 00 00 00 - purple back
859: 01 0A 20 00 00 01 00 99 21 4C 00 00 00 00 00 00 - purple back (Wrong palette?)
860: 01 0C 20 00 00 01 00 CD 2D 4C 00 00 00 00 00 00 - purple back (Wrong palette)
861: 01 6C 20 00 00 01 00 01 3A 4C 00 00 00 00 00 00 - book background
862: 01 6E 20 00 00 01 00 C7 1E 4D 00 00 00 00 00 00 - book button (to left)
863: 01 70 20 00 00 01 00 AD 30 4D 00 00 00 00 00 00 - book button (to right)
864: 01 72 20 00 00 01 00 93 42 4D 00 00 00 00 00 00 - book background
865: 01 76 20 00 00 01 00 79 54 4D 00 00 00 00 00 00 - book background for missiong info the title
866: 01 78 20 00 00 01 00 3F 39 4E 00 00 00 00 00 00 - background for "page"
867: 01 26 23 00 00 01 00 05 1E 4F 00 00 00 00 00 00 - circle pointers animation (interesting from offset perspective)
868: 01 27 23 00 00 01 00 B8 23 4F 00 00 00 00 00 00 - mouse-icon-magic (animation)
869: 01 28 23 00 00 01 00 E8 2A 4F 00 00 00 00 00 00 - mouse-icons (separated)
870: 01 29 23 00 00 01 00 D5 3C 4F 00 00 00 00 00 00 
871: 01 2A 23 00 00 01 00 35 3F 4F 00 00 00 00 00 00 
872: 01 2C 23 00 00 01 00 05 5A 4F 00 00 00 00 00 00 
873: 01 3C 23 00 00 01 00 B5 60 4F 00 00 00 00 00 00 
874: 01 3E 23 00 00 01 00 E3 54 51 00 00 00 00 00 00 
875: 01 40 23 00 00 01 00 35 61 51 00 00 00 00 00 00 
876: 01 42 23 00 00 01 00 1B 73 51 00 00 00 00 00 00 
877: 01 46 23 00 00 01 00 01 85 51 00 00 00 00 00 00 
878: 01 47 23 00 00 01 00 71 99 51 00 00 00 00 00 00 
879: 01 48 23 00 00 01 00 E1 AD 51 00 00 00 00 00 00 
880: 01 49 23 00 00 01 00 51 C2 51 00 00 00 00 00 00 
881: 01 4A 23 00 00 01 00 C1 D6 51 00 00 00 00 00 00 
882: 01 4B 23 00 00 01 00 31 EB 51 00 00 00 00 00 00 
883: 01 4C 23 00 00 01 00 A1 FF 51 00 00 00 00 00 00 
884: 01 4D 23 00 00 01 00 11 14 52 00 00 00 00 00 00 
885: 01 0F 27 00 00 01 00 81 28 52 00 00 00 00 00 00 
886: 01 BB 2B 00 00 01 00 AF CB 54 00 00 00 00 00 00 
887: 03 9A 02 00 00 01 00 DD BF 56 00 00 00 00 00 00 
888: 03 58 1B 00 00 01 00 79 D0 56 00 00 00 00 00 00 
889: 03 5A 1B 00 00 01 00 86 DF 56 00 00 00 00 00 00 
890: 03 5C 1B 00 00 01 00 4B 05 57 00 00 00 00 00 00 
891: 03 5E 1B 00 00 01 00 87 16 57 00 00 00 00 00 00 
892: 03 62 1B 00 00 01 00 45 21 57 00 00 00 00 00 00 
893: 03 65 1B 00 00 01 00 C4 4D 58 00 00 00 00 00 00 
894: 03 68 1B 00 00 01 00 88 7E 59 00 00 00 00 00 00 
895: 03 6C 1B 00 00 01 00 D2 82 5A 00 00 00 00 00 00 
896: 03 6E 1B 00 00 01 00 92 92 5A 00 00 00 00 00 00 
897: 03 70 1B 00 00 01 00 94 A8 5A 00 00 00 00 00 00 
898: 03 72 1B 00 00 01 00 C5 C2 5A 00 00 00 00 00 00 
899: 03 76 1B 00 00 01 00 F1 DA 5A 00 00 00 00 00 00 
900: 03 79 1B 00 00 01 00 F5 CF 5B 00 00 00 00 00 00 
901: 03 7C 1B 00 00 01 00 CB A3 5C 00 00 00 00 00 00 
902: 03 80 1B 00 00 01 00 A1 79 5D 00 00 00 00 00 00 
903: 03 82 1B 00 00 01 00 E6 97 5D 00 00 00 00 00 00 
904: 03 84 1B 00 00 01 00 11 AB 5D 00 00 00 00 00 00 
905: 03 86 1B 00 00 01 00 D1 CE 5D 00 00 00 00 00 00 
906: 03 8A 1B 00 00 01 00 1C E3 5D 00 00 00 00 00 00 
907: 03 8D 1B 00 00 01 00 B4 CB 5E 00 00 00 00 00 00 
908: 03 90 1B 00 00 01 00 3C 9E 60 00 00 00 00 00 00 
909: 03 94 1B 00 00 01 00 06 C3 61 00 00 00 00 00 00 
910: 03 96 1B 00 00 01 00 E5 E8 61 00 00 00 00 00 00 
911: 03 98 1B 00 00 01 00 1C F8 61 00 00 00 00 00 00 
912: 03 9A 1B 00 00 01 00 7A 07 62 00 00 00 00 00 00 
913: 03 9E 1B 00 00 01 00 F1 1D 62 00 00 00 00 00 00 
914: 03 A1 1B 00 00 01 00 2D FE 62 00 00 00 00 00 00 
915: 03 A4 1B 00 00 01 00 F0 FF 63 00 00 00 00 00 00 
916: 03 A8 1B 00 00 01 00 7E 36 65 00 00 00 00 00 00 
917: 03 AA 1B 00 00 01 00 73 49 65 00 00 00 00 00 00 
918: 03 AC 1B 00 00 01 00 F1 56 65 00 00 00 00 00 00 
919: 03 AE 1B 00 00 01 00 BB 6B 65 00 00 00 00 00 00 
920: 03 B2 1B 00 00 01 00 DC 7E 65 00 00 00 00 00 00 
921: 03 B5 1B 00 00 01 00 8A 12 66 00 00 00 00 00 00 
922: 03 B8 1B 00 00 01 00 42 C6 66 00 00 00 00 00 00 
923: 03 BC 1B 00 00 01 00 20 16 68 00 00 00 00 00 00 
924: 04 9A 02 00 00 01 00 24 4C 68 00 00 00 00 00 00 
925: 04 5A 1B 00 00 01 00 6C 7D 68 00 00 00 00 00 00 
926: 04 5E 1B 00 00 01 00 28 FA 97 00 00 00 00 00 00 
927: 04 72 1B 00 00 01 00 E8 B4 A1 00 00 00 00 00 00 
928: 04 86 1B 00 00 01 00 04 00 B1 00 00 00 00 00 00 
929: 04 9A 1B 00 00 01 00 4C 40 BA 00 00 00 00 00 00 
930: 04 AA 1B 00 00 01 00 46 FE C9 00 00 00 00 00 00 
931: 04 BC 1B 00 00 01 00 7A 93 D8 00 00 00 00 00 00 
932: 04 20 1C 00 00 01 00 2C F3 F4 00 00 00 00 00 00 
933: 04 22 1C 00 00 01 00 74 33 F5 00 00 00 00 00 00 
934: 04 24 1C 00 00 01 00 BC 5D F5 00 00 00 00 00 00 
935: 04 26 1C 00 00 01 00 46 C0 F5 00 00 00 00 00 00 
936: 04 28 1C 00 00 01 00 AE E1 F5 00 00 00 00 00 00 
937: 04 2A 1C 00 00 01 00 EE 18 F6 00 00 00 00 00 00 
938: 04 2C 1C 00 00 01 00 B8 60 F6 00 00 00 00 00 00 
939: 04 2E 1C 00 00 01 00 40 BA F6 00 00 00 00 00 00 
940: 04 30 1C 00 00 01 00 2D FD F6 00 00 00 00 00 00 
941: 04 32 1C 00 00 01 00 F5 25 F7 00 00 00 00 00 00 
942: 04 34 1C 00 00 01 00 08 6D F7 00 00 00 00 00 00 
943: 04 36 1C 00 00 01 00 70 A2 F7 00 00 00 00 00 00 
944: 04 3A 1C 00 00 01 00 F8 E3 F7 00 00 00 00 00 00 
945: 04 3C 1C 00 00 01 00 E0 0C F8 00 00 00 00 00 00 
946: 04 3E 1C 00 00 01 00 09 3C F8 00 00 00 00 00 00 
947: 04 42 1C 00 00 01 00 7F 46 F8 00 00 00 00 00 00 
948: 04 44 1C 00 00 01 00 54 87 F8 00 00 00 00 00 00 
949: 04 46 1C 00 00 01 00 E4 CA F8 00 00 00 00 00 00 
950: 04 48 1C 00 00 01 00 21 09 F9 00 00 00 00 00 00 
951: 04 4A 1C 00 00 01 00 A9 2D F9 00 00 00 00 00 00 
952: 04 4C 1C 00 00 01 00 F7 6C F9 00 00 00 00 00 00 
953: 04 4E 1C 00 00 01 00 B5 AB F9 00 00 00 00 00 00 
954: 04 50 1C 00 00 01 00 BD E9 F9 00 00 00 00 00 00 
955: 04 52 1C 00 00 01 00 85 12 FA 00 00 00 00 00 00 
956: 04 54 1C 00 00 01 00 0D 57 FA 00 00 00 00 00 00 
957: 04 56 1C 00 00 01 00 15 A8 FA 00 00 00 00 00 00 
958: 04 58 1C 00 00 01 00 49 ED FA 00 00 00 00 00 00 
959: 04 5A 1C 00 00 01 00 48 FC FA 00 00 00 00 00 00 
960: 04 5C 1C 00 00 01 00 B0 15 FB 00 00 00 00 00 00 
961: 04 5E 1C 00 00 01 00 98 35 FB 00 00 00 00 00 00 
962: 04 60 1C 00 00 01 00 FB 71 FB 00 00 00 00 00 00 
963: 04 62 1C 00 00 01 00 BD 8B FB 00 00 00 00 00 00 
964: 04 64 1C 00 00 01 00 8D BB FB 00 00 00 00 00 00 
965: 04 66 1C 00 00 01 00 15 C4 FB 00 00 00 00 00 00 
966: 04 68 1C 00 00 01 00 07 75 FC 00 00 00 00 00 00 
967: 04 6A 1C 00 00 01 00 5F 8A FC 00 00 00 00 00 00 
968: 04 6C 1C 00 00 01 00 D7 95 FC 00 00 00 00 00 00 
969: 04 6E 1C 00 00 01 00 BF B7 FC 00 00 00 00 00 00 
970: 04 70 1C 00 00 01 00 A7 D9 FC 00 00 00 00 00 00 
971: 04 72 1C 00 00 01 00 AF ED FC 00 00 00 00 00 00 
972: 04 74 1C 00 00 01 00 B7 01 FD 00 00 00 00 00 00 
973: 04 76 1C 00 00 01 00 FF 27 FD 00 00 00 00 00 00 
974: 04 7A 1C 00 00 01 00 07 90 FD 00 00 00 00 00 00 
975: 04 7B 1C 00 00 01 00 CD F8 FD 00 00 00 00 00 00 
976: 04 7C 1C 00 00 01 00 9D 28 FE 00 00 00 00 00 00 
977: 04 7E 1C 00 00 01 00 6D 58 FE 00 00 00 00 00 00 
978: 04 80 1C 00 00 01 00 76 8E FE 00 00 00 00 00 00 
979: 04 82 1C 00 00 01 00 3E F0 FE 00 00 00 00 00 00 
980: 04 84 1C 00 00 01 00 E7 44 FF 00 00 00 00 00 00 
981: 04 86 1C 00 00 01 00 8F 7A FF 00 00 00 00 00 00 
982: 04 88 1C 00 00 01 00 D7 AB FF 00 00 00 00 00 00 
983: 04 8A 1C 00 00 01 00 5F CE FF 00 00 00 00 00 00 
984: 04 8C 1C 00 00 01 00 E7 01 00 01 00 00 00 00 00 
985: 04 8E 1C 00 00 01 00 6F 39 00 01 00 00 00 00 00 
986: 04 90 1C 00 00 01 00 F8 81 00 01 00 00 00 00 00 
987: 04 92 1C 00 00 01 00 C0 AE 00 01 00 00 00 00 00 
988: 04 94 1C 00 00 01 00 C8 BB 00 01 00 00 00 00 00 
989: 04 96 1C 00 00 01 00 D0 F5 00 01 00 00 00 00 00 
990: 04 98 1C 00 00 01 00 90 03 01 01 00 00 00 00 00 
991: 04 9A 1C 00 00 01 00 B8 25 01 01 00 00 00 00 00 
992: 04 9C 1C 00 00 01 00 4D 6F 01 01 00 00 00 00 00 
993: 04 2A D9 A7 00 01 00 97 A3 01 01 00 00 00 00 00 
994: 04 2B D9 A7 00 01 00 67 28 02 01 00 00 00 00 00 
995: 04 38 D9 A7 00 01 00 2F 99 02 01 00 00 00 00 00 
996: 04 39 D9 A7 00 01 00 05 B3 02 01 00 00 00 00 00 
997: 04 3A D9 A7 00 01 00 AD DC 02 01 00 00 00 00 00 
998: 04 3B D9 A7 00 01 00 3D 2A 03 01 00 00 00 00 00 
999: 04 3C D9 A7 00 01 00 05 92 03 01 00 00 00 00 00 
1000: 04 3D D9 A7 00 01 00 8D F3 03 01 00 00 00 00 00 
1001: 04 3E D9 A7 00 01 00 95 2B 04 01 00 00 00 00 00 
1002: 04 3F D9 A7 00 01 00 DD 96 04 01 00 00 00 00 00 
1003: 04 40 D9 A7 00 01 00 25 33 05 01 00 00 00 00 00 
1004: 04 41 D9 A7 00 01 00 6D DE 05 01 00 00 00 00 00 
1005: 04 42 D9 A7 00 01 00 B5 8A 06 01 00 00 00 00 00 
1006: 04 43 D9 A7 00 01 00 7D 41 07 01 00 00 00 00 00 
1007: 04 44 D9 A7 00 01 00 5B B4 07 01 00 00 00 00 00 
1008: 04 45 D9 A7 00 01 00 1B 40 08 01 00 00 00 00 00 
1009: 04 46 D9 A7 00 01 00 E3 E7 08 01 00 00 00 00 00 
1010: 04 47 D9 A7 00 01 00 AB 7B 09 01 00 00 00 00 00 
1011: 04 48 D9 A7 00 01 00 F3 F9 09 01 00 00 00 00 00 
1012: 04 49 D9 A7 00 01 00 FB 6E 0A 01 00 00 00 00 00 
1013: 04 4A D9 A7 00 01 00 C3 F5 0A 01 00 00 00 00 00 
1014: 04 4B D9 A7 00 01 00 05 73 0B 01 00 00 00 00 00 
1015: 04 4C D9 A7 00 01 00 4D 10 0C 01 00 00 00 00 00 
1016: 04 4D D9 A7 00 01 00 95 B3 0C 01 00 00 00 00 00 
1017: 04 4E D9 A7 00 01 00 EB 53 0D 01 00 00 00 00 00 
1018: 04 4F D9 A7 00 01 00 33 FA 0D 01 00 00 00 00 00 
1019: 04 01 E6 AA 00 01 00 8B 45 0E 01 00 00 00 00 00 
1020: 04 02 E6 AA 00 01 00 93 98 0E 01 00 00 00 00 00 
1021: 04 03 E6 AA 00 01 00 1B D5 0E 01 00 00 00 00 00 
1022: 04 04 E6 AA 00 01 00 C3 07 0F 01 00 00 00 00 00 
1023: 04 05 E6 AA 00 01 00 FB 2E 0F 01 00 00 00 00 00 
1024: 04 06 E6 AA 00 01 00 C3 5C 0F 01 00 00 00 00 00 
1025: 04 07 E6 AA 00 01 00 8B A3 0F 01 00 00 00 00 00 
1026: 04 08 E6 AA 00 01 00 B3 D9 0F 01 00 00 00 00 00 
1027: 04 09 E6 AA 00 01 00 69 19 10 01 00 00 00 00 00 
1028: 04 0A E6 AA 00 01 00 51 4B 10 01 00 00 00 00 00 
1029: 04 0B E6 AA 00 01 00 99 89 10 01 00 00 00 00 00 
1030: 04 0C E6 AA 00 01 00 21 C9 10 01 00 00 00 00 00 
1031: 04 0D E6 AA 00 01 00 29 24 11 01 00 00 00 00 00 
1032: 04 0E E6 AA 00 01 00 B1 5F 11 01 00 00 00 00 00 
1033: 04 0F E6 AA 00 01 00 19 9B 11 01 00 00 00 00 00 
1034: 04 10 E6 AA 00 01 00 21 D6 11 01 00 00 00 00 00 
1035: 04 11 E6 AA 00 01 00 69 06 12 01 00 00 00 00 00 
1036: 04 12 E6 AA 00 01 00 B1 46 12 01 00 00 00 00 00 
1037: 04 14 E6 AA 00 01 00 79 78 12 01 00 00 00 00 00 
1038: 04 15 E6 AA 00 01 00 01 B0 12 01 00 00 00 00 00 
1039: 04 16 E6 AA 00 01 00 C9 D3 12 01 00 00 00 00 00 
1040: 04 17 E6 AA 00 01 00 B1 0B 13 01 00 00 00 00 00 
1041: 04 18 E6 AA 00 01 00 59 34 13 01 00 00 00 00 00 
1042: 04 19 E6 AA 00 01 00 E1 8C 13 01 00 00 00 00 00 
1043: 04 1A E6 AA 00 01 00 A9 EA 13 01 00 00 00 00 00 
1044: 04 1B E6 AA 00 01 00 B1 1B 14 01 00 00 00 00 00 
1045: 04 1C E6 AA 00 01 00 79 61 14 01 00 00 00 00 00 
1046: 04 1D E6 AA 00 01 00 21 9A 14 01 00 00 00 00 00 
1047: 04 1E E6 AA 00 01 00 29 CC 14 01 00 00 00 00 00 
1048: 04 1F E6 AA 00 01 00 D1 FB 14 01 00 00 00 00 00 
1049: 04 20 E6 AA 00 01 00 79 32 15 01 00 00 00 00 00 
1050: 05 20 00 00 00 01 00 21 69 15 01 00 00 00 00 00  - palette (no player colors)
1051: 05 21 00 00 00 01 00 3D 6C 15 01 00 00 00 00 00  - palette (same as 1050)
1052: 05 64 00 00 00 01 00 59 6F 15 01 00 00 00 00 00  
1053: 05 BE 00 00 00 01 00 75 72 15 01 00 00 00 00 00  - palette (with player colros)
1054: 05 C3 00 00 00 01 00 91 75 15 01 00 00 00 00 00  - palette (same as 1054)
1055: 05 9A 02 00 00 01 00 AD 78 15 01 00 00 00 00 00 
1056: 05 CF 0D 00 00 01 00 C9 7B 15 01 00 00 00 00 00 
1057: 05 E8 0D 00 00 01 00 E5 7E 15 01 00 00 00 00 00 
1058: 05 12 0E 00 00 01 00 01 82 15 01 00 00 00 00 00 
1059: 05 24 0E 00 00 01 00 1D 85 15 01 00 00 00 00 00 
1060: 05 4C 0E 00 00 01 00 39 88 15 01 00 00 00 00 00 
1061: 05 5E 0E 00 00 01 00 55 8B 15 01 00 00 00 00 00 
1062: 05 7E 0E 00 00 01 00 71 8E 15 01 00 00 00 00 00 
1063: 05 92 0E 00 00 01 00 8D 91 15 01 00 00 00 00 00 
1064: 05 BA 0E 00 00 01 00 A9 94 15 01 00 00 00 00 00 
1065: 05 D3 0E 00 00 01 00 C5 97 15 01 00 00 00 00 00 
1066: 05 EC 0E 00 00 01 00 E1 9A 15 01 00 00 00 00 00 
1067: 05 40 1F 00 00 01 00 FD 9D 15 01 00 00 00 00 00 
1068: 05 72 1F 00 00 01 00 19 A1 15 01 00 00 00 00 00 
1069: 05 D6 1F 00 00 01 00 35 A4 15 01 00 00 00 00 00 
1070: 05 08 20 00 00 01 00 51 A7 15 01 00 00 00 00 00 
1071: 05 3C 23 00 00 01 00 6D AA 15 01 00 00 00 00 00 
1072: 05 8C 23 00 00 01 00 89 AD 15 01 00 00 00 00 00 
1073: 05 8D 23 00 00 01 00 A5 B0 15 01 00 00 00 00 00 
1074: 05 A0 23 00 00 01 00 C1 B3 15 01 00 00 00 00 00 
1075: 05 B4 23 00 00 01 00 DD B6 15 01 00 00 00 00 00 
1076: 05 C8 23 00 00 01 00 F9 B9 15 01 00 00 00 00 00 
1077: 05 DC 23 00 00 01 00 15 BD 15 01 00 00 00 00 00 
1078: 05 F0 23 00 00 01 00 31 C0 15 01 00 00 00 00 00 
1079: 05 04 24 00 00 01 00 4D C3 15 01 00 00 00 00 00 
1080: 05 18 24 00 00 01 00 69 C6 15 01 00 00 00 00 00 
1081: 05 2C 24 00 00 01 00 85 C9 15 01 00 00 00 00 00 
1082: 05 40 24 00 00 01 00 A1 CC 15 01 00 00 00 00 00 
1083: 05 54 24 00 00 01 00 BD CF 15 01 00 00 00 00 00 
1084: 05 68 24 00 00 01 00 D9 D2 15 01 00 00 00 00 00 
1085: 05 7C 24 00 00 01 00 F5 D5 15 01 00 00 00 00 00 
1086: 05 90 24 00 00 01 00 11 D9 15 01 00 00 00 00 00 
1087: 05 A4 24 00 00 01 00 2D DC 15 01 00 00 00 00 00 
1088: 05 B8 24 00 00 01 00 49 DF 15 01 00 00 00 00 00 
1089: 05 CC 24 00 00 01 00 65 E2 15 01 00 00 00 00 00 
1090: 05 0E 27 00 00 01 00 81 E5 15 01 00 00 00 00 00 
1091: 05 0F 27 00 00 01 00 9D E8 15 01 00 00 00 00 00 
1092: 05 BB 2B 00 00 01 00 B9 EB 15 01 00 00 00 00 00 
1093: 07 09 00 00 00 01 00 D5 EE 15 01 00 00 00 00 00 
1094: 07 9B 02 00 00 01 00 E1 1D 16 01 00 00 00 00 00 
1095: 07 F1 03 00 00 01 00 4D 8F 16 01 00 00 00 00 00 
1096: 07 5A 23 00 00 01 00 11 D0 16 01 00 00 00 00 00 
1097: 07 5C 23 00 00 01 00 49 1B 17 01 00 00 00 00 00 
1098: 07 5E 23 00 00 01 00 A9 9B 17 01 00 00 00 00 00 
1099: 07 60 23 00 00 01 00 ED E6 17 01 00 00 00 00 00 
1100: 07 62 23 00 00 01 00 19 64 18 01 00 00 00 00 00 
1101: 07 64 23 00 00 01 00 44 E3 18 01 00 00 00 00 00 
1102: 07 66 23 00 00 01 00 0D 0D 19 01 00 00 00 00 00 
1103: 07 68 23 00 00 01 00 AE 8E 19 01 00 00 00 00 00 
1104: 07 6A 23 00 00 01 00 77 B8 19 01 00 00 00 00 00 
1105: 08 E8 03 00 00 01 00 AF 03 1A 01 00 00 00 00 00 
1106: 08 E9 03 00 00 01 00 88 04 1A 01 00 00 00 00 00 
1107: 08 EA 03 00 00 01 00 46 05 1A 01 00 00 00 00 00 
1108: 08 F2 03 00 00 01 00 04 06 1A 01 00 00 00 00 00 
1109: 08 F3 03 00 00 01 00 40 07 1A 01 00 00 00 00 00 
1110: 08 F4 03 00 00 01 00 7F 08 1A 01 00 00 00 00 00 
1111: 08 FC 03 00 00 01 00 BC 09 1A 01 00 00 00 00 00 
1112: 08 FD 03 00 00 01 00 9A 0A 1A 01 00 00 00 00 00 
1113: 08 FE 03 00 00 01 00 7F 0B 1A 01 00 00 00 00 00 
1114: 08 06 04 00 00 01 00 65 0C 1A 01 00 00 00 00 00 
1115: 08 07 04 00 00 01 00 DB 0D 1A 01 00 00 00 00 00 
1116: 08 08 04 00 00 01 00 54 0F 1A 01 00 00 00 00 00 
1117: 08 10 04 00 00 01 00 C3 10 1A 01 00 00 00 00 00 
1118: 08 11 04 00 00 01 00 63 12 1A 01 00 00 00 00 00 
1119: 08 12 04 00 00 01 00 00 14 1A 01 00 00 00 00 00 
1120: 08 1A 04 00 00 01 00 AD 15 1A 01 00 00 00 00 00 
1121: 08 1B 04 00 00 01 00 9D 16 1A 01 00 00 00 00 00 
1122: 08 1C 04 00 00 01 00 92 17 1A 01 00 00 00 00 00 
1123: 08 24 04 00 00 01 00 82 18 1A 01 00 00 00 00 00 
1124: 08 25 04 00 00 01 00 62 19 1A 01 00 00 00 00 00 
1125: 08 26 04 00 00 01 00 5A 1A 1A 01 00 00 00 00 00 
1126: 08 2E 04 00 00 01 00 3E 1B 1A 01 00 00 00 00 00 
1127: 08 2F 04 00 00 01 00 DE 1C 1A 01 00 00 00 00 00 
1128: 08 30 04 00 00 01 00 7B 1E 1A 01 00 00 00 00 00 
1129: 08 4C 04 00 00 01 00 28 20 1A 01 00 00 00 00 00 
1130: 08 4D 04 00 00 01 00 78 25 1A 01 00 00 00 00 00 
1131: 08 4E 04 00 00 01 00 0C 2B 1A 01 00 00 00 00 00 
1132: 08 56 04 00 00 01 00 46 30 1A 01 00 00 00 00 00 
1133: 08 57 04 00 00 01 00 09 32 1A 01 00 00 00 00 00 
1134: 08 58 04 00 00 01 00 EA 33 1A 01 00 00 00 00 00 
1135: 08 60 04 00 00 01 00 CD 35 1A 01 00 00 00 00 00 
1136: 08 61 04 00 00 01 00 49 38 1A 01 00 00 00 00 00 
1137: 08 62 04 00 00 01 00 CC 3A 1A 01 00 00 00 00 00 
1138: 08 6A 04 00 00 01 00 5E 3D 1A 01 00 00 00 00 00 
1139: 08 6B 04 00 00 01 00 4E 3F 1A 01 00 00 00 00 00 
1140: 08 6C 04 00 00 01 00 55 41 1A 01 00 00 00 00 00 
1141: 08 74 04 00 00 01 00 67 43 1A 01 00 00 00 00 00 
1142: 08 75 04 00 00 01 00 00 49 1A 01 00 00 00 00 00 
1143: 08 76 04 00 00 01 00 D2 4E 1A 01 00 00 00 00 00 
1144: 08 1E 05 00 00 01 00 A4 54 1A 01 00 00 00 00 00 
1145: 08 1F 05 00 00 01 00 3E 60 1A 01 00 00 00 00 00 
1146: 08 20 05 00 00 01 00 7E 6C 1A 01 00 00 00 00 00 
1147: 08 28 05 00 00 01 00 C4 78 1A 01 00 00 00 00 00 
1148: 08 29 05 00 00 01 00 31 86 1A 01 00 00 00 00 00 
1149: 08 2A 05 00 00 01 00 F8 93 1A 01 00 00 00 00 00 
1150: 08 32 05 00 00 01 00 CB A1 1A 01 00 00 00 00 00 
1151: 08 33 05 00 00 01 00 13 AF 1A 01 00 00 00 00 00 
1152: 08 34 05 00 00 01 00 25 BD 1A 01 00 00 00 00 00 
1153: 08 3C 05 00 00 01 00 F8 CA 1A 01 00 00 00 00 00 
1154: 08 3D 05 00 00 01 00 C9 D8 1A 01 00 00 00 00 00 
1155: 08 3E 05 00 00 01 00 7C E7 1A 01 00 00 00 00 00 
1156: 08 46 05 00 00 01 00 8F F5 1A 01 00 00 00 00 00 
1157: 08 47 05 00 00 01 00 BD 04 1B 01 00 00 00 00 00 
1158: 08 48 05 00 00 01 00 81 14 1B 01 00 00 00 00 00 
1159: 08 50 05 00 00 01 00 38 24 1B 01 00 00 00 00 00 
1160: 08 51 05 00 00 01 00 E2 29 1B 01 00 00 00 00 00 
1161: 08 52 05 00 00 01 00 C2 2F 1B 01 00 00 00 00 00 
1162: 08 82 05 00 00 01 00 AE 35 1B 01 00 00 00 00 00 
1163: 08 83 05 00 00 01 00 A8 36 1B 01 00 00 00 00 00 
1164: 08 84 05 00 00 01 00 B6 37 1B 01 00 00 00 00 00 
1165: 08 8C 05 00 00 01 00 B7 38 1B 01 00 00 00 00 00 
1166: 08 8D 05 00 00 01 00 C6 39 1B 01 00 00 00 00 00 
1167: 08 8E 05 00 00 01 00 D5 3A 1B 01 00 00 00 00 00 
1168: 08 96 05 00 00 01 00 E4 3B 1B 01 00 00 00 00 00 
1169: 08 97 05 00 00 01 00 F2 3C 1B 01 00 00 00 00 00 
1170: 08 98 05 00 00 01 00 03 3E 1B 01 00 00 00 00 00 
1171: 08 A0 05 00 00 01 00 11 3F 1B 01 00 00 00 00 00 
1172: 08 A1 05 00 00 01 00 25 40 1B 01 00 00 00 00 00 
1173: 08 A2 05 00 00 01 00 37 41 1B 01 00 00 00 00 00 
1174: 08 E6 05 00 00 01 00 4B 42 1B 01 00 00 00 00 00 
1175: 08 E7 05 00 00 01 00 58 43 1B 01 00 00 00 00 00 
1176: 08 E8 05 00 00 01 00 6B 44 1B 01 00 00 00 00 00 
1177: 08 4A 06 00 00 01 00 7A 45 1B 01 00 00 00 00 00 
1178: 08 4B 06 00 00 01 00 0C 48 1B 01 00 00 00 00 00 
1179: 08 4C 06 00 00 01 00 B6 4A 1B 01 00 00 00 00 00 
1180: 08 AE 06 00 00 01 00 5C 4D 1B 01 00 00 00 00 00 
1181: 08 AF 06 00 00 01 00 35 50 1B 01 00 00 00 00 00 
1182: 08 B0 06 00 00 01 00 93 53 1B 01 00 00 00 00 00 
1183: 08 12 07 00 00 01 00 A6 56 1B 01 00 00 00 00 00 
1184: 08 13 07 00 00 01 00 FF 58 1B 01 00 00 00 00 00 
1185: 08 14 07 00 00 01 00 41 5B 1B 01 00 00 00 00 00 
1186: 08 76 07 00 00 01 00 9D 5D 1B 01 00 00 00 00 00 
1187: 08 77 07 00 00 01 00 A0 62 1B 01 00 00 00 00 00 
1188: 08 78 07 00 00 01 00 BD 67 1B 01 00 00 00 00 00 
1189: 08 80 07 00 00 01 00 FF 6C 1B 01 00 00 00 00 00 
1190: 08 81 07 00 00 01 00 41 6D 1B 01 00 00 00 00 00 
1191: 08 82 07 00 00 01 00 8A 6D 1B 01 00 00 00 00 00 
1192: 08 DA 07 00 00 01 00 D7 6D 1B 01 00 00 00 00 00 
1193: 08 DB 07 00 00 01 00 FF 78 1B 01 00 00 00 00 00 
1194: 08 DC 07 00 00 01 00 0F 85 1B 01 00 00 00 00 00 
1195: 08 C2 0B 00 00 01 00 3C 91 1B 01 00 00 00 00 00 
1196: 08 C3 0B 00 00 01 00 A4 A2 1B 01 00 00 00 00 00 
1197: 08 C4 0B 00 00 01 00 61 B5 1B 01 00 00 00 00 00 
1198: 08 AA 0F 00 00 01 00 39 C7 1B 01 00 00 00 00 00 
1199: 08 AB 0F 00 00 01 00 BF C7 1B 01 00 00 00 00 00 
1200: 08 AC 0F 00 00 01 00 4A C8 1B 01 00 00 00 00 00 
1201: 08 88 13 00 00 01 00 D2 C8 1B 01 00 00 00 00 00 
1202: 08 89 13 00 00 01 00 92 C9 1B 01 00 00 00 00 00 
1203: 08 8A 13 00 00 01 00 63 CA 1B 01 00 00 00 00 00 
1204: 08 92 13 00 00 01 00 2A CB 1B 01 00 00 00 00 00 
1205: 08 93 13 00 00 01 00 FF CC 1B 01 00 00 00 00 00 
1206: 08 94 13 00 00 01 00 E8 CE 1B 01 00 00 00 00 00 
1207: 08 9C 13 00 00 01 00 F6 D0 1B 01 00 00 00 00 00 
1208: 08 9D 13 00 00 01 00 7C D3 1B 01 00 00 00 00 00 
1209: 08 9E 13 00 00 01 00 23 D6 1B 01 00 00 00 00 00 
1210: 08 A6 13 00 00 01 00 E0 D8 1B 01 00 00 00 00 00 
1211: 08 A7 13 00 00 01 00 18 DA 1B 01 00 00 00 00 00 
1212: 08 A8 13 00 00 01 00 76 DB 1B 01 00 00 00 00 00 
1213: 08 B0 13 00 00 01 00 B3 DC 1B 01 00 00 00 00 00 
1214: 08 B1 13 00 00 01 00 09 DE 1B 01 00 00 00 00 00 
1215: 08 B2 13 00 00 01 00 7A DF 1B 01 00 00 00 00 00 
1216: 08 BA 13 00 00 01 00 F8 E0 1B 01 00 00 00 00 00 
1217: 08 BB 13 00 00 01 00 8F E2 1B 01 00 00 00 00 00 
1218: 08 BC 13 00 00 01 00 27 E4 1B 01 00 00 00 00 00 
1219: 08 C4 13 00 00 01 00 DB E5 1B 01 00 00 00 00 00 
1220: 08 C5 13 00 00 01 00 9E E7 1B 01 00 00 00 00 00 
1221: 08 C6 13 00 00 01 00 72 E9 1B 01 00 00 00 00 00 
1222: 08 CE 13 00 00 01 00 54 EB 1B 01 00 00 00 00 00 
1223: 08 CF 13 00 00 01 00 63 ED 1B 01 00 00 00 00 00 
1224: 08 D0 13 00 00 01 00 88 EF 1B 01 00 00 00 00 00 
1225: 08 D8 13 00 00 01 00 AF F1 1B 01 00 00 00 00 00 
1226: 08 D9 13 00 00 01 00 C8 F2 1B 01 00 00 00 00 00 
1227: 08 DA 13 00 00 01 00 FB F3 1B 01 00 00 00 00 00 
1228: 08 E2 13 00 00 01 00 2C F5 1B 01 00 00 00 00 00 
1229: 08 E3 13 00 00 01 00 BC F6 1B 01 00 00 00 00 00 
1230: 08 E4 13 00 00 01 00 80 F8 1B 01 00 00 00 00 00 
1231: 08 EC 13 00 00 01 00 3F FA 1B 01 00 00 00 00 00 
1232: 08 ED 13 00 00 01 00 AB FB 1B 01 00 00 00 00 00 
1233: 08 EE 13 00 00 01 00 37 FD 1B 01 00 00 00 00 00 
1234: 08 F6 13 00 00 01 00 A8 FE 1B 01 00 00 00 00 00 
1235: 08 F7 13 00 00 01 00 0A 00 1C 01 00 00 00 00 00 
1236: 08 F8 13 00 00 01 00 91 01 1C 01 00 00 00 00 00 
1237: 08 00 14 00 00 01 00 03 03 1C 01 00 00 00 00 00 
1238: 08 01 14 00 00 01 00 43 04 1C 01 00 00 00 00 00 
1239: 08 02 14 00 00 01 00 96 05 1C 01 00 00 00 00 00 
1240: 08 0A 14 00 00 01 00 01 07 1C 01 00 00 00 00 00 
1241: 08 0B 14 00 00 01 00 3B 08 1C 01 00 00 00 00 00 
1242: 08 0C 14 00 00 01 00 97 09 1C 01 00 00 00 00 00 
1243: 08 14 14 00 00 01 00 EB 0A 1C 01 00 00 00 00 00 
1244: 08 15 14 00 00 01 00 74 0C 1C 01 00 00 00 00 00 
1245: 08 16 14 00 00 01 00 1B 0E 1C 01 00 00 00 00 00 
1246: 08 1E 14 00 00 01 00 DA 0F 1C 01 00 00 00 00 00 
1247: 08 1F 14 00 00 01 00 7E 11 1C 01 00 00 00 00 00 
1248: 08 20 14 00 00 01 00 67 13 1C 01 00 00 00 00 00 
1249: 08 28 14 00 00 01 00 34 15 1C 01 00 00 00 00 00 
1250: 08 29 14 00 00 01 00 46 17 1C 01 00 00 00 00 00 
1251: 08 2A 14 00 00 01 00 5E 19 1C 01 00 00 00 00 00 
1252: 08 32 14 00 00 01 00 81 1B 1C 01 00 00 00 00 00 
1253: 08 33 14 00 00 01 00 C4 1C 1C 01 00 00 00 00 00 
1254: 08 34 14 00 00 01 00 23 1E 1C 01 00 00 00 00 00 
1255: 08 3C 14 00 00 01 00 87 1F 1C 01 00 00 00 00 00 
1256: 08 3D 14 00 00 01 00 CE 21 1C 01 00 00 00 00 00 
1257: 08 3E 14 00 00 01 00 36 24 1C 01 00 00 00 00 00 
1258: 08 46 14 00 00 01 00 AB 26 1C 01 00 00 00 00 00 
1259: 08 47 14 00 00 01 00 D3 28 1C 01 00 00 00 00 00 
1260: 08 48 14 00 00 01 00 06 2B 1C 01 00 00 00 00 00 
1261: 08 50 14 00 00 01 00 24 2D 1C 01 00 00 00 00 00 
1262: 08 51 14 00 00 01 00 8F 2E 1C 01 00 00 00 00 00 
1263: 08 52 14 00 00 01 00 1B 30 1C 01 00 00 00 00 00 
1264: 08 5A 14 00 00 01 00 BC 31 1C 01 00 00 00 00 00 
1265: 08 5B 14 00 00 01 00 BE 32 1C 01 00 00 00 00 00 
1266: 08 5C 14 00 00 01 00 C6 33 1C 01 00 00 00 00 00 
1267: 08 64 14 00 00 01 00 D4 34 1C 01 00 00 00 00 00 
1268: 08 65 14 00 00 01 00 1C 36 1C 01 00 00 00 00 00 
1269: 08 66 14 00 00 01 00 7F 37 1C 01 00 00 00 00 00 
1270: 08 6E 14 00 00 01 00 D7 38 1C 01 00 00 00 00 00 
1271: 08 6F 14 00 00 01 00 FE 39 1C 01 00 00 00 00 00 
1272: 08 70 14 00 00 01 00 59 3B 1C 01 00 00 00 00 00 
1273: 08 78 14 00 00 01 00 9E 3C 1C 01 00 00 00 00 00 
1274: 08 79 14 00 00 01 00 E3 3D 1C 01 00 00 00 00 00 
1275: 08 7A 14 00 00 01 00 41 3F 1C 01 00 00 00 00 00 
1276: 08 82 14 00 00 01 00 AF 40 1C 01 00 00 00 00 00 
1277: 08 83 14 00 00 01 00 B0 41 1C 01 00 00 00 00 00 
1278: 08 84 14 00 00 01 00 C3 42 1C 01 00 00 00 00 00 
1279: 08 8C 14 00 00 01 00 CB 43 1C 01 00 00 00 00 00 
1280: 08 8D 14 00 00 01 00 B8 45 1C 01 00 00 00 00 00 
1281: 08 8E 14 00 00 01 00 C0 47 1C 01 00 00 00 00 00 
1282: 08 96 14 00 00 01 00 EC 49 1C 01 00 00 00 00 00 
1283: 08 97 14 00 00 01 00 9F 4B 1C 01 00 00 00 00 00 
1284: 08 98 14 00 00 01 00 8E 4D 1C 01 00 00 00 00 00 
1285: 08 A0 14 00 00 01 00 60 4F 1C 01 00 00 00 00 00 
1286: 08 A1 14 00 00 01 00 3F 50 1C 01 00 00 00 00 00 
1287: 08 A2 14 00 00 01 00 26 51 1C 01 00 00 00 00 00 
1288: 08 AA 14 00 00 01 00 13 52 1C 01 00 00 00 00 00 
1289: 08 AB 14 00 00 01 00 4D 53 1C 01 00 00 00 00 00 
1290: 08 AC 14 00 00 01 00 82 54 1C 01 00 00 00 00 00 
1291: 08 B4 14 00 00 01 00 E2 55 1C 01 00 00 00 00 00 
1292: 08 B5 14 00 00 01 00 05 57 1C 01 00 00 00 00 00 
1293: 08 B6 14 00 00 01 00 33 58 1C 01 00 00 00 00 00 
1294: 08 BE 14 00 00 01 00 76 59 1C 01 00 00 00 00 00 
1295: 08 BF 14 00 00 01 00 82 5B 1C 01 00 00 00 00 00 
1296: 08 C0 14 00 00 01 00 B0 5D 1C 01 00 00 00 00 00 
1297: 08 C8 14 00 00 01 00 E3 5F 1C 01 00 00 00 00 00 
1298: 08 C9 14 00 00 01 00 8F 61 1C 01 00 00 00 00 00 
1299: 08 CA 14 00 00 01 00 6C 63 1C 01 00 00 00 00 00 
1300: 08 D2 14 00 00 01 00 50 65 1C 01 00 00 00 00 00 
1301: 08 D3 14 00 00 01 00 11 67 1C 01 00 00 00 00 00 
1302: 08 D4 14 00 00 01 00 F7 68 1C 01 00 00 00 00 00 
1303: 08 18 15 00 00 01 00 DD 6A 1C 01 00 00 00 00 00 
1304: 08 19 15 00 00 01 00 B0 7D 1C 01 00 00 00 00 00 
1305: 08 1A 15 00 00 01 00 05 92 1C 01 00 00 00 00 00 
1306: 08 7C 15 00 00 01 00 6C A7 1C 01 00 00 00 00 00 
1307: 08 7D 15 00 00 01 00 ED B6 1C 01 00 00 00 00 00 
1308: 08 7E 15 00 00 01 00 B1 C7 1C 01 00 00 00 00 00 
1309: 08 E0 15 00 00 01 00 73 D9 1C 01 00 00 00 00 00 
1310: 08 E1 15 00 00 01 00 5C E1 1C 01 00 00 00 00 00 
1311: 08 E2 15 00 00 01 00 36 EA 1C 01 00 00 00 00 00 
1312: 08 44 16 00 00 01 00 1E F3 1C 01 00 00 00 00 00 
1313: 08 45 16 00 00 01 00 C4 07 1D 01 00 00 00 00 00 
1314: 08 46 16 00 00 01 00 87 1F 1D 01 00 00 00 00 00 
1315: 08 70 17 00 00 01 00 D2 35 1D 01 00 00 00 00 00 
1316: 08 71 17 00 00 01 00 A0 44 1D 01 00 00 00 00 00 
1317: 08 72 17 00 00 01 00 62 54 1D 01 00 00 00 00 00 
1318: 08 62 1B 00 00 01 00 BA 63 1D 01 00 00 00 00 00 
1319: 08 63 1B 00 00 01 00 34 66 1D 01 00 00 00 00 00 
1320: 08 64 1B 00 00 01 00 DA 68 1D 01 00 00 00 00 00 
1321: 08 6C 1B 00 00 01 00 3D 6B 1D 01 00 00 00 00 00 
1322: 08 6D 1B 00 00 01 00 F0 6B 1D 01 00 00 00 00 00 
1323: 08 6E 1B 00 00 01 00 91 6C 1D 01 00 00 00 00 00 
1324: 08 76 1B 00 00 01 00 38 6D 1D 01 00 00 00 00 00 
1325: 08 77 1B 00 00 01 00 C9 6D 1D 01 00 00 00 00 00 
1326: 08 78 1B 00 00 01 00 60 6E 1D 01 00 00 00 00 00 
1327: 08 80 1B 00 00 01 00 F2 6E 1D 01 00 00 00 00 00 
1328: 08 81 1B 00 00 01 00 10 71 1D 01 00 00 00 00 00 
1329: 08 82 1B 00 00 01 00 30 73 1D 01 00 00 00 00 00 
1330: 08 8A 1B 00 00 01 00 5C 75 1D 01 00 00 00 00 00 
1331: 08 8B 1B 00 00 01 00 EA 75 1D 01 00 00 00 00 00 
1332: 08 8C 1B 00 00 01 00 7A 76 1D 01 00 00 00 00 00 
1333: 08 4A 1F 00 00 01 00 06 77 1D 01 00 00 00 00 00 
1334: 08 4B 1F 00 00 01 00 85 78 1D 01 00 00 00 00 00 
1335: 08 4C 1F 00 00 01 00 01 7A 1D 01 00 00 00 00 00 
1336: 08 54 1F 00 00 01 00 8F 7B 1D 01 00 00 00 00 00 
1337: 08 55 1F 00 00 01 00 B7 80 1D 01 00 00 00 00 00 
1338: 08 56 1F 00 00 01 00 28 86 1D 01 00 00 00 00 00 
1339: 08 5E 1F 00 00 01 00 D0 8B 1D 01 00 00 00 00 00 
1340: 08 5F 1F 00 00 01 00 6D 8D 1D 01 00 00 00 00 00 
1341: 08 60 1F 00 00 01 00 14 8F 1D 01 00 00 00 00 00 
1342: 08 68 1F 00 00 01 00 CB 90 1D 01 00 00 00 00 00 
1343: 08 69 1F 00 00 01 00 9C 92 1D 01 00 00 00 00 00 
1344: 08 6A 1F 00 00 01 00 6D 94 1D 01 00 00 00 00 00 
1345: 08 72 1F 00 00 01 00 3E 96 1D 01 00 00 00 00 00 
1346: 08 73 1F 00 00 01 00 B0 97 1D 01 00 00 00 00 00 
1347: 08 74 1F 00 00 01 00 12 99 1D 01 00 00 00 00 00 
1348: 08 7C 1F 00 00 01 00 89 9A 1D 01 00 00 00 00 00 
1349: 08 7D 1F 00 00 01 00 7A 9B 1D 01 00 00 00 00 00 
1350: 08 7E 1F 00 00 01 00 6C 9C 1D 01 00 00 00 00 00 
1351: 08 86 1F 00 00 01 00 5B 9D 1D 01 00 00 00 00 00 
1352: 08 87 1F 00 00 01 00 AB 9E 1D 01 00 00 00 00 00 
1353: 08 88 1F 00 00 01 00 03 A0 1D 01 00 00 00 00 00 
1354: 08 90 1F 00 00 01 00 62 A1 1D 01 00 00 00 00 00 
1355: 08 91 1F 00 00 01 00 46 A2 1D 01 00 00 00 00 00 
1356: 08 92 1F 00 00 01 00 20 A3 1D 01 00 00 00 00 00 
1357: 08 9A 1F 00 00 01 00 FD A3 1D 01 00 00 00 00 00 
1358: 08 9B 1F 00 00 01 00 A2 A5 1D 01 00 00 00 00 00 
1359: 08 9C 1F 00 00 01 00 4B A7 1D 01 00 00 00 00 00 
1360: 08 A4 1F 00 00 01 00 0B A9 1D 01 00 00 00 00 00 
1361: 08 A5 1F 00 00 01 00 9D AA 1D 01 00 00 00 00 00 
1362: 08 A6 1F 00 00 01 00 26 AC 1D 01 00 00 00 00 00 
1363: 08 AE 1F 00 00 01 00 C7 AD 1D 01 00 00 00 00 00 
1364: 08 AF 1F 00 00 01 00 EC AF 1D 01 00 00 00 00 00 
1365: 08 B0 1F 00 00 01 00 E9 B1 1D 01 00 00 00 00 00 
1366: 08 B8 1F 00 00 01 00 31 B4 1D 01 00 00 00 00 00 
1367: 08 B9 1F 00 00 01 00 3F B5 1D 01 00 00 00 00 00 
1368: 08 BA 1F 00 00 01 00 50 B6 1D 01 00 00 00 00 00 
1369: 08 C2 1F 00 00 01 00 58 B7 1D 01 00 00 00 00 00 
1370: 08 C3 1F 00 00 01 00 C9 B8 1D 01 00 00 00 00 00 
1371: 08 C4 1F 00 00 01 00 1F BA 1D 01 00 00 00 00 00 
1372: 08 CC 1F 00 00 01 00 9B BB 1D 01 00 00 00 00 00 
1373: 08 CD 1F 00 00 01 00 E7 BC 1D 01 00 00 00 00 00 
1374: 08 CE 1F 00 00 01 00 33 BE 1D 01 00 00 00 00 00 
1375: 08 32 23 00 00 01 00 7F BF 1D 01 00 00 00 00 00 
1376: 08 33 23 00 00 01 00 80 C0 1D 01 00 00 00 00 00 
1377: 08 34 23 00 00 01 00 7F C1 1D 01 00 00 00 00 00 
1378: 08 96 23 00 00 01 00 82 C2 1D 01 00 00 00 00 00 
1379: 08 97 23 00 00 01 00 73 C4 1D 01 00 00 00 00 00 
1380: 08 98 23 00 00 01 00 60 C6 1D 01 00 00 00 00 00 
1381: 08 FA 23 00 00 01 00 68 C8 1D 01 00 00 00 00 00 
1382: 08 FB 23 00 00 01 00 4E F9 1D 01 00 00 00 00 00 
1383: 08 FC 23 00 00 01 00 8F 2E 1E 01 00 00 00 00 00 
1384: 08 5E 24 00 00 01 00 4B 60 1E 01 00 00 00 00 00 
1385: 08 5F 24 00 00 01 00 35 74 1E 01 00 00 00 00 00 
1386: 08 60 24 00 00 01 00 09 8A 1E 01 00 00 00 00 00 
1387: 08 0F 27 00 00 01 00 A0 9E 1E 01 00 00 00 00 00 
1388: 0C 01 00 00 00 01 00 AB 9F 1E 01 00 00 00 00 00 
1389: 0C 02 00 00 00 01 00 E3 B4 1E 01 00 00 00 00 00 
